Epochs	Loss	
1	0.181000
2	0.178154
3	0.177071
4	0.175803
5	0.174722
6	0.172789
7	0.169279
8	0.167474
9	0.165909
10	0.161447
11	0.157135
12	0.157025
13	0.152907
14	0.149211
15	0.147647
16	0.143161
17	0.141390
18	0.137656
19	0.134971
20	0.133167
21	0.131786
22	0.129070
23	0.125699
24	0.121077
25	0.120187
26	0.118831
27	0.115550
28	0.113069
29	0.110176
30	0.108032
31	0.108515
32	0.104473
33	0.102301
34	0.100988
35	0.101100
36	0.098321
37	0.096260
38	0.095763
39	0.094812
40	0.091811
41	0.092617
42	0.090323
43	0.090173
44	0.089332
45	0.090775
46	0.088145
47	0.087543
48	0.088218
49	0.086453
50	0.085565
51	0.085053
52	0.084946
53	0.085446
54	0.084618
55	0.083181
56	0.083229
57	0.083053
58	0.081954
59	0.080871
60	0.081424
61	0.081263
62	0.082581
63	0.080142
64	0.080697
65	0.079572
66	0.079272
67	0.079582
68	0.080587
69	0.079767
70	0.079247
71	0.079381
72	0.078426
73	0.078553
74	0.079336
75	0.078018
76	0.077004
77	0.078665
78	0.077623
79	0.078535
80	0.076694
81	0.077425
82	0.076912
83	0.076507
84	0.076538
85	0.075614
86	0.076958
87	0.075526
88	0.076917
89	0.075275
90	0.076024
91	0.076160
92	0.076559
93	0.075491
94	0.075931
95	0.075073
96	0.075545
97	0.074162
98	0.074326
99	0.075430
100	0.074891
101	0.074335
102	0.073458
103	0.073714
104	0.074006
105	0.073878
106	0.074394
107	0.073197
108	0.073672
109	0.075098
110	0.073040
111	0.073960
112	0.074267
113	0.072977
114	0.074870
115	0.073761
116	0.073656
117	0.072885
118	0.072482
119	0.072594
120	0.073357
121	0.073945
122	0.072820
123	0.073485
124	0.072583
125	0.072966
126	0.072340
127	0.071839
128	0.072262
129	0.072252
130	0.071490
131	0.073021
132	0.071218
133	0.072892
134	0.071336
135	0.072094
136	0.070826
137	0.070826
138	0.071866
139	0.071083
140	0.071482
141	0.071294
142	0.070962
143	0.070742
144	0.071272
145	0.071014
146	0.070655
147	0.070152
148	0.070902
149	0.070612
150	0.071392
151	0.069829
152	0.070035
153	0.070803
154	0.070071
155	0.070501
156	0.070419
157	0.069605
158	0.071370
159	0.070348
160	0.069743
161	0.069758
162	0.070264
163	0.069943
164	0.070500
165	0.069770
166	0.070904
167	0.068846
168	0.070553
169	0.070366
170	0.069263
171	0.069360
172	0.070192
173	0.069279
174	0.068407
175	0.069112
176	0.070263
177	0.070344
178	0.068906
179	0.069709
180	0.068863
181	0.070106
182	0.067349
183	0.068902
184	0.067652
185	0.067158
186	0.068345
187	0.067500
188	0.069362
189	0.068533
190	0.068291
191	0.069068
192	0.068990
193	0.068726
194	0.067968
195	0.067950
196	0.069289
197	0.068074
198	0.068828
199	0.067752
200	0.068835
201	0.068836
202	0.069215
203	0.067616
204	0.067986
205	0.067986
206	0.067845
207	0.068625
208	0.068305
209	0.067367
210	0.067724
211	0.068165
212	0.068619
213	0.068002
214	0.068216
215	0.070236
216	0.067852
217	0.067687
218	0.068015
219	0.068088
220	0.067717
221	0.067590
222	0.067436
223	0.067880
224	0.067656
225	0.068121
226	0.067364
227	0.068370
228	0.066623
229	0.068964
230	0.066910
231	0.068338
232	0.067216
233	0.067840
234	0.066522
235	0.067286
236	0.066868
237	0.067261
238	0.068079
239	0.067867
240	0.067206
241	0.067200
242	0.066403
243	0.066727
244	0.067328
245	0.066481
246	0.067630
247	0.066764
248	0.066263
249	0.067112
250	0.067490
251	0.067291
252	0.067371
253	0.067350
254	0.066913
255	0.066989
256	0.066435
257	0.067663
258	0.068138
259	0.067036
260	0.066669
261	0.065929
262	0.066541
263	0.067362
264	0.066055
265	0.066547
266	0.065883
267	0.066110
268	0.066898
269	0.067511
270	0.065991
271	0.065800
272	0.065788
273	0.065547
274	0.066461
275	0.066604
276	0.067965
277	0.066913
278	0.064975
279	0.065906
280	0.067398
281	0.066405
282	0.065640
283	0.065660
284	0.066750
285	0.065060
286	0.066919
287	0.065843
288	0.065305
289	0.066736
290	0.065599
291	0.065027
292	0.065861
293	0.065794
294	0.065871
295	0.065647
296	0.065980
297	0.065301
298	0.065682
299	0.065483
300	0.066125
301	0.065220
302	0.065327
303	0.065123
304	0.064889
305	0.065065
306	0.066161
307	0.065373
308	0.065491
309	0.065527
310	0.065955
311	0.064989
312	0.066041
313	0.065815
314	0.064821
315	0.066294
316	0.065551
317	0.064501
318	0.065897
319	0.066477
320	0.065288
321	0.065101
322	0.066214
323	0.066171
324	0.065223
325	0.065870
326	0.065456
327	0.065122
328	0.065107
329	0.065351
330	0.065577
331	0.065186
332	0.064417
333	0.064577
334	0.064362
335	0.064442
336	0.065083
337	0.064829
338	0.064763
339	0.064771
340	0.065203
341	0.065577
342	0.065098
343	0.065118
344	0.065109
345	0.065459
346	0.064153
347	0.065329
348	0.064899
349	0.064899
350	0.064988
351	0.064715
352	0.063916
353	0.065248
354	0.063700
355	0.065263
356	0.064854
357	0.065178
358	0.064424
359	0.065958
360	0.065087
361	0.065253
362	0.064191
363	0.063639
364	0.064660
365	0.066143
366	0.064729
367	0.064742
368	0.064392
369	0.063837
370	0.063573
371	0.064532
372	0.064291
373	0.064620
374	0.064487
375	0.064079
376	0.064671
377	0.065289
378	0.064389
379	0.064871
380	0.064012
381	0.064786
382	0.064719
383	0.063681
384	0.064296
385	0.063767
386	0.064616
387	0.064633
388	0.064104
389	0.064592
390	0.063910
391	0.065136
392	0.064137
393	0.063429
394	0.064340
395	0.064452
396	0.063848
397	0.063693
398	0.065099
399	0.063770
400	0.064016
401	0.064810
402	0.063229
403	0.063944
404	0.064171
405	0.064720
406	0.064185
407	0.064700
408	0.063101
409	0.064254
410	0.064324
411	0.064382
412	0.063486
413	0.064052
414	0.063968
415	0.064689
416	0.064450
417	0.063054
418	0.063783
419	0.063548
420	0.064234
421	0.062735
422	0.064148
423	0.063619
424	0.062415
425	0.062998
426	0.064174
427	0.063507
428	0.064158
429	0.063233
430	0.062894
431	0.063769
432	0.063540
433	0.063604
434	0.062658
435	0.062795
436	0.062723
437	0.063028
438	0.063833
439	0.063353
440	0.063303
441	0.063277
442	0.063249
443	0.063774
444	0.064762
445	0.063648
446	0.063506
447	0.064393
448	0.063622
449	0.063121
450	0.063010
451	0.062950
452	0.064435
453	0.063516
454	0.062690
455	0.063256
456	0.062671
457	0.062647
458	0.063053
459	0.062665
460	0.062390
461	0.063430
462	0.062474
463	0.063922
464	0.063154
465	0.062840
466	0.062679
467	0.064333
468	0.063722
469	0.062687
470	0.062924
471	0.062491
472	0.063069
473	0.063310
474	0.064285
475	0.062850
476	0.062131
477	0.063386
478	0.063175
479	0.062395
480	0.063615
481	0.063509
482	0.062786
483	0.063524
484	0.062326
485	0.061899
486	0.063299
487	0.063082
488	0.062396
489	0.062881
490	0.063313
491	0.063325
492	0.063152
493	0.062607
494	0.063194
495	0.062031
496	0.061759
497	0.063630
498	0.062576
499	0.062408
500	0.062157
501	0.063084
502	0.062075
503	0.061973
504	0.062590
505	0.062827
506	0.061559
507	0.062794
508	0.062363
509	0.063748
510	0.062667
511	0.062713
512	0.062446
513	0.063504
514	0.061734
515	0.062257
516	0.063441
517	0.063019
518	0.061995
519	0.062725
520	0.062138
521	0.062953
522	0.062202
523	0.062576
524	0.063216
525	0.062582
526	0.063193
527	0.062743
528	0.062630
529	0.062813
530	0.063088
531	0.062759
532	0.062624
533	0.061565
534	0.062267
535	0.062384
536	0.062679
537	0.062287
538	0.062163
539	0.063055
540	0.062791
541	0.062376
542	0.062343
543	0.061786
544	0.061929
545	0.062335
546	0.061315
547	0.063038
548	0.063098
549	0.063006
550	0.062266
551	0.062061
552	0.062334
553	0.062468
554	0.062254
555	0.062425
556	0.061532
557	0.062944
558	0.063167
559	0.062641
560	0.062887
561	0.061870
562	0.062559
563	0.063012
564	0.063050
565	0.062717
566	0.061086
567	0.062669
568	0.061764
569	0.062204
570	0.062425
571	0.062268
572	0.063022
573	0.062638
574	0.061725
575	0.061918
576	0.062421
577	0.061462
578	0.062074
579	0.062431
580	0.062696
581	0.062051
582	0.062124
583	0.061655
584	0.062797
585	0.062645
586	0.061954
587	0.062023
588	0.062330
589	0.062754
590	0.062933
591	0.062680
592	0.062371
593	0.061735
594	0.061890
595	0.062202
596	0.062097
597	0.061740
598	0.062793
599	0.061495
600	0.062599
601	0.062164
602	0.062245
603	0.062505
604	0.061947
605	0.063024
606	0.062918
607	0.061374
608	0.062102
609	0.062889
610	0.062293
611	0.061446
612	0.061475
613	0.062013
614	0.061671
615	0.061839
616	0.062722
617	0.061823
618	0.061353
619	0.062043
620	0.062395
621	0.061742
622	0.062358
623	0.061837
624	0.061897
625	0.062236
626	0.061186
627	0.061900
628	0.062632
629	0.062231
630	0.063591
631	0.061238
632	0.062253
633	0.062113
634	0.061748
635	0.061776
636	0.061696
637	0.062354
638	0.062162
639	0.062601
640	0.061429
641	0.062287
642	0.061750
643	0.061955
644	0.061042
645	0.061710
646	0.061088
647	0.060987
648	0.063039
649	0.061565
650	0.061164
651	0.061432
652	0.062071
653	0.062080
654	0.062228
655	0.061600
656	0.061572
657	0.061599
658	0.062187
659	0.061224
660	0.061968
661	0.062619
662	0.061217
663	0.062327
664	0.061875
665	0.062603
666	0.061915
667	0.061540
668	0.062377
669	0.062780
670	0.062730
671	0.061738
672	0.062060
673	0.062106
674	0.061457
675	0.061842
676	0.062300
677	0.061737
678	0.061622
679	0.062006
680	0.061945
681	0.061491
682	0.061841
683	0.062217
684	0.062414
685	0.062123
686	0.061743
687	0.061507
688	0.061860
689	0.061185
690	0.062033
691	0.061553
692	0.061073
693	0.061793
694	0.062166
695	0.061876
696	0.061937
697	0.061620
698	0.060497
699	0.061486
700	0.061944
701	0.062647
702	0.061205
703	0.062027
704	0.061414
705	0.062341
706	0.061975
707	0.061326
708	0.060918
709	0.062371
710	0.061957
711	0.061085
712	0.061147
713	0.062212
714	0.060902
715	0.060702
716	0.061902
717	0.061434
718	0.061719
719	0.061706
720	0.061130
721	0.061047
722	0.061210
723	0.062148
724	0.061704
725	0.060820
726	0.061148
727	0.061437
728	0.060935
729	0.061519
730	0.060964
731	0.061006
732	0.061855
733	0.061169
734	0.061498
735	0.060873
736	0.061417
737	0.061359
738	0.061831
739	0.061175
740	0.061019
741	0.060920
742	0.061258
743	0.061796
744	0.062017
745	0.060957
746	0.061694
747	0.061008
748	0.060935
749	0.061084
750	0.061145
751	0.061116
752	0.060782
753	0.061021
754	0.061043
755	0.060843
756	0.060947
757	0.060840
758	0.060530
759	0.062948
760	0.061881
761	0.061521
762	0.061802
763	0.061444
764	0.060926
765	0.060815
766	0.061353
767	0.060682
768	0.061273
769	0.062775
770	0.060972
771	0.061371
772	0.060509
773	0.061116
774	0.061737
775	0.060891
776	0.060925
777	0.062241
778	0.061671
779	0.061385
780	0.060957
781	0.060353
782	0.060510
783	0.061763
784	0.060966
785	0.061154
786	0.060906
787	0.061180
788	0.060607
789	0.061037
790	0.061647
791	0.061642
792	0.061150
793	0.061301
794	0.060933
795	0.060735
796	0.061020
797	0.060725
798	0.061679
799	0.061042
800	0.061433
801	0.061168
802	0.061714
803	0.061446
804	0.061642
805	0.060561
806	0.061575
807	0.061274
808	0.060734
809	0.060986
810	0.060926
811	0.061035
812	0.060936
813	0.061704
814	0.061442
815	0.060289
816	0.061312
817	0.060640
818	0.061718
819	0.061450
820	0.060615
821	0.061869
822	0.060882
823	0.060502
824	0.061648
825	0.061734
826	0.061651
827	0.062329
828	0.060818
829	0.061495
830	0.061081
831	0.061235
832	0.060539
833	0.061097
834	0.061748
835	0.060912
836	0.060663
837	0.061835
838	0.060743
839	0.061720
840	0.060668
841	0.060946
842	0.060638
843	0.060302
844	0.061206
845	0.061052
846	0.060603
847	0.060909
848	0.060652
849	0.060343
850	0.061446
851	0.060392
852	0.061284
853	0.061434
854	0.060553
855	0.060524
856	0.060343
857	0.060784
858	0.061031
859	0.061099
860	0.060513
861	0.059770
862	0.060607
863	0.060755
864	0.060716
865	0.060362
866	0.062333
867	0.061477
868	0.061096
869	0.060924
870	0.061415
871	0.060943
872	0.060582
873	0.060614
874	0.060015
875	0.061149
876	0.059672
877	0.061027
878	0.060257
879	0.060785
880	0.060717
881	0.060568
882	0.060949
883	0.060865
884	0.060899
885	0.060893
886	0.061184
887	0.060929
888	0.060333
889	0.062036
890	0.061038
891	0.060368
892	0.061424
893	0.060551
894	0.061143
895	0.060466
896	0.061543
897	0.060311
898	0.061980
899	0.060809
900	0.060369
901	0.060473
902	0.060669
903	0.060409
904	0.061111
905	0.059699
906	0.060075
907	0.060205
908	0.060969
909	0.060296
910	0.059975
911	0.060363
912	0.060574
913	0.061224
914	0.061504
915	0.060195
916	0.060606
917	0.060379
918	0.060339
919	0.060378
920	0.060487
921	0.060828
922	0.060616
923	0.061928
924	0.060226
925	0.060401
926	0.060685
927	0.060936
928	0.061368
929	0.061318
930	0.059938
931	0.060795
932	0.061381
933	0.060455
934	0.060369
935	0.060669
936	0.060679
937	0.059997
938	0.059958
939	0.061510
940	0.060764
941	0.061404
942	0.062044
943	0.061416
944	0.060499
945	0.061062
946	0.060603
947	0.060684
948	0.060550
949	0.060380
950	0.060652
951	0.060946
952	0.061654
953	0.061063
954	0.060218
955	0.061092
956	0.060673
957	0.059939
958	0.060949
959	0.060815
960	0.060765
961	0.060539
962	0.060899
963	0.060719
964	0.060546
965	0.061491
966	0.060450
967	0.059850
968	0.061238
969	0.060417
970	0.060760
971	0.060435
972	0.061012
973	0.061444
974	0.060529
975	0.060808
976	0.061100
977	0.060433
978	0.060930
979	0.060219
980	0.060209
981	0.060866
982	0.060781
983	0.060542
984	0.060439
985	0.060205
986	0.060902
987	0.060920
988	0.060101
989	0.061157
990	0.060113
991	0.061571
992	0.059908
993	0.059816
994	0.060636
995	0.060413
996	0.060563
997	0.059770
998	0.060397
999	0.060980
1000	0.059673
1001	0.061132
1002	0.061192
1003	0.060656
1004	0.060576
1005	0.060099
1006	0.060522
1007	0.060065
1008	0.061295
1009	0.059785
1010	0.060704
1011	0.059326
1012	0.060771
1013	0.060593
1014	0.060825
1015	0.059934
1016	0.059853
1017	0.060765
1018	0.059957
1019	0.060451
1020	0.060768
1021	0.060080
1022	0.061771
1023	0.059584
1024	0.059623
1025	0.060567
1026	0.059613
1027	0.060946
1028	0.060725
1029	0.059787
1030	0.061591
1031	0.060140
1032	0.061291
1033	0.060242
1034	0.060148
1035	0.061016
1036	0.059299
1037	0.060255
1038	0.060269
1039	0.060429
1040	0.060388
1041	0.060751
1042	0.060977
1043	0.059527
1044	0.060610
1045	0.060485
1046	0.060315
1047	0.059474
1048	0.060656
1049	0.060504
1050	0.061005
1051	0.060664
1052	0.059843
1053	0.060481
1054	0.060624
1055	0.060026
1056	0.060855
1057	0.060056
1058	0.060206
1059	0.061661
1060	0.061088
1061	0.059700
1062	0.061503
1063	0.059840
1064	0.060081
1065	0.060670
1066	0.060595
1067	0.059506
1068	0.060775
1069	0.060079
1070	0.060743
1071	0.060724
1072	0.059641
1073	0.060027
1074	0.061152
1075	0.060076
1076	0.061528
1077	0.059964
1078	0.060380
1079	0.061316
1080	0.059889
1081	0.059443
1082	0.060577
1083	0.059926
1084	0.060503
1085	0.060184
1086	0.060013
1087	0.060994
1088	0.059650
1089	0.060341
1090	0.060004
1091	0.060043
1092	0.060524
1093	0.059500
1094	0.060325
1095	0.061085
1096	0.059738
1097	0.060568
1098	0.060722
1099	0.060453
1100	0.059751
1101	0.059739
1102	0.059570
1103	0.059959
1104	0.060026
1105	0.060036
1106	0.061237
1107	0.061218
1108	0.061819
1109	0.059815
1110	0.060795
1111	0.061209
1112	0.059855
1113	0.060868
1114	0.060764
1115	0.059841
1116	0.059804
1117	0.060889
1118	0.059854
1119	0.060269
1120	0.060617
1121	0.059736
1122	0.060218
1123	0.060339
1124	0.059847
1125	0.060520
1126	0.059821
1127	0.059780
1128	0.059493
1129	0.059743
1130	0.059719
1131	0.059957
1132	0.060583
1133	0.060348
1134	0.059879
1135	0.059976
1136	0.060287
1137	0.060684
1138	0.060092
1139	0.060343
1140	0.061252
1141	0.060209
1142	0.061107
1143	0.059563
1144	0.060961
1145	0.060005
1146	0.060444
1147	0.060128
1148	0.060128
1149	0.059827
1150	0.060047
1151	0.060176
1152	0.060325
1153	0.059115
1154	0.059621
1155	0.061287
1156	0.060194
1157	0.060734
1158	0.060719
1159	0.059659
1160	0.060720
1161	0.060034
1162	0.060632
1163	0.060335
1164	0.059408
1165	0.059280
1166	0.059705
1167	0.060125
1168	0.059906
1169	0.060008
1170	0.060453
1171	0.059949
1172	0.059779
1173	0.059755
1174	0.060933
1175	0.060146
1176	0.060351
1177	0.060845
1178	0.059996
1179	0.060115
1180	0.059464
1181	0.059821
1182	0.060597
1183	0.060429
1184	0.060519
1185	0.059250
1186	0.060339
1187	0.058937
1188	0.061015
1189	0.060107
1190	0.060341
1191	0.060823
1192	0.060191
1193	0.059503
1194	0.060811
1195	0.059814
1196	0.060323
1197	0.060186
1198	0.059460
1199	0.059895
1200	0.059687
1201	0.061277
1202	0.060144
1203	0.061166
1204	0.059825
1205	0.060106
1206	0.059583
1207	0.060290
1208	0.059549
1209	0.059763
1210	0.060172
1211	0.060317
1212	0.060293
1213	0.060103
1214	0.059565
1215	0.059416
1216	0.060048
1217	0.060455
1218	0.059258
1219	0.060141
1220	0.059950
1221	0.060124
1222	0.059757
1223	0.059704
1224	0.060146
1225	0.060481
1226	0.059458
1227	0.059790
1228	0.060065
1229	0.059915
1230	0.060354
1231	0.060122
1232	0.060669
1233	0.060508
1234	0.059314
1235	0.060496
1236	0.059662
1237	0.060286
1238	0.060430
1239	0.059412
1240	0.059500
1241	0.059704
1242	0.060566
1243	0.060844
1244	0.059118
1245	0.060556
1246	0.060020
1247	0.059876
1248	0.059641
1249	0.061381
1250	0.060556
1251	0.061061
1252	0.059498
1253	0.059041
1254	0.061377
1255	0.059806
1256	0.060255
1257	0.059860
1258	0.059909
1259	0.061089
1260	0.060701
1261	0.060445
1262	0.060857
1263	0.060038
1264	0.059024
1265	0.060537
1266	0.059500
1267	0.061347
1268	0.060458
1269	0.059542
1270	0.060177
1271	0.059584
1272	0.060302
1273	0.059779
1274	0.059786
1275	0.060661
1276	0.060431
1277	0.060246
1278	0.059396
1279	0.060602
1280	0.059198
1281	0.060167
1282	0.060003
1283	0.059446
1284	0.059883
1285	0.059548
1286	0.059796
1287	0.059847
1288	0.059989
1289	0.060170
1290	0.060810
1291	0.059734
1292	0.060119
1293	0.059976
1294	0.059026
1295	0.059504
1296	0.059075
1297	0.059743
1298	0.060081
1299	0.060045
1300	0.059806
1301	0.060525
1302	0.060583
1303	0.059238
1304	0.060100
1305	0.060377
1306	0.060699
1307	0.060286
1308	0.060116
1309	0.059444
1310	0.059071
1311	0.059958
1312	0.060799
1313	0.060907
1314	0.060537
1315	0.059421
1316	0.059793
1317	0.060506
1318	0.059988
1319	0.059317
1320	0.060377
1321	0.061473
1322	0.060513
1323	0.059828
1324	0.059722
1325	0.060075
1326	0.060360
1327	0.059151
1328	0.060937
1329	0.060318
1330	0.058870
1331	0.060606
1332	0.059800
1333	0.060660
1334	0.059416
1335	0.061003
1336	0.060154
1337	0.059072
1338	0.060485
1339	0.060247
1340	0.060062
1341	0.059977
1342	0.060309
1343	0.059675
1344	0.060135
1345	0.059948
1346	0.060710
1347	0.059855
1348	0.060222
1349	0.060928
1350	0.059883
1351	0.060453
1352	0.059328
1353	0.060150
1354	0.059881
1355	0.060222
1356	0.060372
1357	0.060254
1358	0.060414
1359	0.059284
1360	0.059403
1361	0.060190
1362	0.060477
1363	0.059345
1364	0.060968
1365	0.059999
1366	0.059629
1367	0.059499
1368	0.059418
1369	0.059795
1370	0.059493
1371	0.059827
1372	0.060417
1373	0.059221
1374	0.060717
1375	0.059350
1376	0.058813
1377	0.060148
1378	0.059483
1379	0.060234
1380	0.060004
1381	0.060269
1382	0.059991
1383	0.059261
1384	0.058914
1385	0.059978
1386	0.059767
1387	0.059351
1388	0.060569
1389	0.059992
1390	0.059818
1391	0.059002
1392	0.059920
1393	0.060262
1394	0.059526
1395	0.059471
1396	0.059364
1397	0.059672
1398	0.060397
1399	0.059830
1400	0.059579
1401	0.061744
1402	0.059711
1403	0.060245
1404	0.059110
1405	0.060046
1406	0.059694
1407	0.060282
1408	0.059400
1409	0.059420
1410	0.060242
1411	0.059294
1412	0.059620
1413	0.059379
1414	0.059388
1415	0.058988
1416	0.059586
1417	0.059014
1418	0.060064
1419	0.059681
1420	0.059330
1421	0.059098
1422	0.060787
1423	0.059756
1424	0.059944
1425	0.059635
1426	0.060085
1427	0.059187
1428	0.059118
1429	0.060348
1430	0.060517
1431	0.059579
1432	0.059559
1433	0.059784
1434	0.058974
1435	0.059198
1436	0.060187
1437	0.059459
1438	0.059620
1439	0.060268
1440	0.060376
1441	0.060213
1442	0.059402
1443	0.060163
1444	0.059331
1445	0.059039
1446	0.059890
1447	0.059450
1448	0.059998
1449	0.059155
1450	0.060770
1451	0.060425
1452	0.060042
1453	0.058973
1454	0.060815
1455	0.060192
1456	0.058953
1457	0.059855
1458	0.060173
1459	0.058843
1460	0.059279
1461	0.059130
1462	0.059728
1463	0.059526
1464	0.059588
1465	0.060807
1466	0.060035
1467	0.059548
1468	0.060760
1469	0.060402
1470	0.059910
1471	0.060500
1472	0.059926
1473	0.059608
1474	0.059281
1475	0.059491
1476	0.059591
1477	0.059407
1478	0.060142
1479	0.060349
1480	0.059705
1481	0.059287
1482	0.059798
1483	0.059224
1484	0.059520
1485	0.058944
1486	0.059616
1487	0.060516
1488	0.060141
1489	0.059202
1490	0.059374
1491	0.059761
1492	0.059683
1493	0.059215
1494	0.060402
1495	0.059111
1496	0.060058
1497	0.060611
1498	0.059193
1499	0.060100
1500	0.060214
