Epochs	Loss	
1	0.144953
2	0.144153
3	0.143369
4	0.142734
5	0.141046
6	0.140312
7	0.139225
8	0.137497
9	0.135755
10	0.134210
11	0.132789
12	0.130548
13	0.128310
14	0.126096
15	0.123270
16	0.120968
17	0.118956
18	0.116693
19	0.114262
20	0.111971
21	0.110407
22	0.108025
23	0.105995
24	0.104434
25	0.102462
26	0.100479
27	0.100081
28	0.098170
29	0.096540
30	0.096091
31	0.095005
32	0.093568
33	0.092931
34	0.092225
35	0.091417
36	0.090796
37	0.090471
38	0.090127
39	0.089440
40	0.087973
41	0.088331
42	0.087273
43	0.087065
44	0.086746
45	0.086182
46	0.085488
47	0.085815
48	0.085271
49	0.085051
50	0.084348
51	0.084891
52	0.084281
53	0.083526
54	0.083413
55	0.082814
56	0.083366
57	0.082667
58	0.082991
59	0.082672
60	0.082607
61	0.082775
62	0.081864
63	0.081844
64	0.082062
65	0.081733
66	0.081218
67	0.080979
68	0.081530
69	0.081202
70	0.080838
71	0.080600
72	0.080222
73	0.081219
74	0.080211
75	0.080431
76	0.080381
77	0.080280
78	0.080206
79	0.080016
80	0.079476
81	0.079697
82	0.079484
83	0.079377
84	0.079448
85	0.079160
86	0.079226
87	0.078940
88	0.078917
89	0.079418
90	0.079136
91	0.079174
92	0.078940
93	0.078848
94	0.078547
95	0.078937
96	0.078344
97	0.078771
98	0.078147
99	0.078834
100	0.077893
101	0.078224
102	0.077997
103	0.078004
104	0.077597
105	0.078184
106	0.078116
107	0.077225
108	0.078130
109	0.077867
110	0.078280
111	0.077852
112	0.077559
113	0.077292
114	0.077170
115	0.077272
116	0.077114
117	0.077342
118	0.077186
119	0.077209
120	0.076806
121	0.076954
122	0.077335
123	0.077546
124	0.076730
125	0.076878
126	0.076686
127	0.076044
128	0.077020
129	0.076489
130	0.076731
131	0.076113
132	0.076407
133	0.076609
134	0.075961
135	0.076071
136	0.076637
137	0.076323
138	0.075847
139	0.075725
140	0.076655
141	0.076134
142	0.075884
143	0.075884
144	0.076023
145	0.075936
146	0.075509
147	0.075389
148	0.075662
149	0.075741
150	0.075191
151	0.075466
152	0.075608
153	0.075168
154	0.075464
155	0.075210
156	0.074902
157	0.075451
158	0.075517
159	0.075259
160	0.075159
161	0.075250
162	0.075106
163	0.075369
164	0.075000
165	0.075338
166	0.074992
167	0.075339
168	0.075446
169	0.074233
170	0.074775
171	0.075255
172	0.074482
173	0.074924
174	0.074819
175	0.074455
176	0.075244
177	0.075197
178	0.074378
179	0.073942
180	0.074902
181	0.074472
182	0.074527
183	0.073810
184	0.073860
185	0.074546
186	0.073708
187	0.074458
188	0.074209
189	0.074404
190	0.073793
191	0.073950
192	0.073756
193	0.073957
194	0.073559
195	0.073314
196	0.074118
197	0.074028
198	0.073879
199	0.074037
200	0.073644
201	0.074123
202	0.074329
203	0.073712
204	0.073466
205	0.073185
206	0.073304
207	0.073710
208	0.073758
209	0.073674
210	0.073370
211	0.073353
212	0.072932
213	0.072713
214	0.073137
215	0.072794
216	0.072674
217	0.072682
218	0.072591
219	0.073065
220	0.073522
221	0.072590
222	0.072875
223	0.072267
224	0.072805
225	0.072338
226	0.073062
227	0.073270
228	0.073267
229	0.072853
230	0.072655
231	0.072743
232	0.072759
233	0.072178
234	0.073057
235	0.072380
236	0.072727
237	0.073036
238	0.072169
239	0.072845
240	0.072458
241	0.073422
242	0.071493
243	0.072469
244	0.071980
245	0.071996
246	0.072192
247	0.072204
248	0.072113
249	0.072341
250	0.071725
251	0.071778
252	0.072576
253	0.071657
254	0.072242
255	0.072492
256	0.071545
257	0.071808
258	0.072656
259	0.071962
260	0.071334
261	0.071952
262	0.071879
263	0.071423
264	0.072073
265	0.071560
266	0.071183
267	0.071458
268	0.071675
269	0.071426
270	0.071928
271	0.071464
272	0.071591
273	0.072111
274	0.071587
275	0.071954
276	0.071770
277	0.071584
278	0.071685
279	0.071433
280	0.071469
281	0.071123
282	0.071260
283	0.070768
284	0.071183
285	0.071497
286	0.071205
287	0.071633
288	0.070714
289	0.070996
290	0.070765
291	0.071324
292	0.070750
293	0.071163
294	0.070780
295	0.071345
296	0.071031
297	0.070592
298	0.070431
299	0.071258
300	0.070454
301	0.070972
302	0.071650
303	0.071106
304	0.070894
305	0.070889
306	0.070568
307	0.070392
308	0.070549
309	0.070271
310	0.070810
311	0.069845
312	0.070671
313	0.070158
314	0.071005
315	0.071055
316	0.070247
317	0.070136
318	0.070303
319	0.070189
320	0.070493
321	0.070177
322	0.070157
323	0.070675
324	0.071238
325	0.070279
326	0.070009
327	0.070955
328	0.070079
329	0.070566
330	0.070000
331	0.070256
332	0.070216
333	0.070477
334	0.070417
335	0.070458
336	0.070278
337	0.069907
338	0.070362
339	0.070089
340	0.069766
341	0.069993
342	0.069773
343	0.070199
344	0.070169
345	0.069752
346	0.070322
347	0.069993
348	0.070158
349	0.069993
350	0.070092
351	0.069430
352	0.069545
353	0.069058
354	0.069191
355	0.069873
356	0.070215
357	0.069317
358	0.069868
359	0.069442
360	0.069727
361	0.069493
362	0.069395
363	0.069180
364	0.069648
365	0.069443
366	0.069381
367	0.069540
368	0.069522
369	0.069161
370	0.069064
371	0.069880
372	0.069594
373	0.069577
374	0.069057
375	0.069482
376	0.068981
377	0.069215
378	0.068913
379	0.068598
380	0.068886
381	0.069324
382	0.069231
383	0.069765
384	0.069447
385	0.068469
386	0.069673
387	0.068454
388	0.068861
389	0.069504
390	0.069251
391	0.068802
392	0.069063
393	0.068711
394	0.068642
395	0.068299
396	0.068860
397	0.068010
398	0.068789
399	0.068627
400	0.069165
401	0.068779
402	0.068840
403	0.069256
404	0.068745
405	0.069114
406	0.068952
407	0.068836
408	0.068987
409	0.068865
410	0.069276
411	0.068477
412	0.068854
413	0.069160
414	0.068647
415	0.068258
416	0.068879
417	0.068248
418	0.068728
419	0.069153
420	0.068516
421	0.068380
422	0.068853
423	0.068540
424	0.068866
425	0.068781
426	0.068660
427	0.069095
428	0.068897
429	0.068387
430	0.068799
431	0.068722
432	0.068059
433	0.068687
434	0.068720
435	0.068648
436	0.068135
437	0.068251
438	0.067800
439	0.068249
440	0.068007
441	0.067572
442	0.068097
443	0.068544
444	0.068894
445	0.067955
446	0.068034
447	0.067782
448	0.068154
449	0.068563
450	0.069101
451	0.069402
452	0.068536
453	0.068281
454	0.068483
455	0.067889
456	0.068351
457	0.068050
458	0.068347
459	0.067979
460	0.068810
461	0.068500
462	0.068119
463	0.068169
464	0.068032
465	0.067770
466	0.068751
467	0.068837
468	0.067901
469	0.067898
470	0.068704
471	0.068132
472	0.068187
473	0.068554
474	0.068352
475	0.067756
476	0.068173
477	0.068019
478	0.068277
479	0.067250
480	0.067584
481	0.067224
482	0.068230
483	0.067777
484	0.067883
485	0.067795
486	0.067793
487	0.068578
488	0.068323
489	0.068150
490	0.067441
491	0.067842
492	0.068307
493	0.068476
494	0.067850
495	0.068079
496	0.068022
497	0.068116
498	0.067816
499	0.067274
500	0.067589
501	0.068237
502	0.068178
503	0.067421
504	0.068302
505	0.068244
506	0.067820
507	0.068041
508	0.067381
509	0.068168
510	0.067688
511	0.068173
512	0.067413
513	0.067321
514	0.067152
515	0.067572
516	0.067565
517	0.067829
518	0.067601
519	0.067419
520	0.068095
521	0.068423
522	0.068322
523	0.067424
524	0.068415
525	0.067388
526	0.067174
527	0.067369
528	0.067664
529	0.067595
530	0.067588
531	0.067656
532	0.067609
533	0.067479
534	0.067338
535	0.067342
536	0.067557
537	0.067778
538	0.068215
539	0.067273
540	0.067944
541	0.067996
542	0.068017
543	0.067250
544	0.067006
545	0.067211
546	0.067651
547	0.068160
548	0.067697
549	0.067276
550	0.067406
551	0.067631
552	0.066832
553	0.067149
554	0.066897
555	0.067723
556	0.067321
557	0.066911
558	0.067140
559	0.067398
560	0.068197
561	0.067038
562	0.068244
563	0.066923
564	0.067425
565	0.067059
566	0.067675
567	0.067068
568	0.067368
569	0.067041
570	0.067202
571	0.066976
572	0.068171
573	0.067380
574	0.067250
575	0.066937
576	0.067460
577	0.067009
578	0.067058
579	0.067389
580	0.067178
581	0.067663
582	0.067049
583	0.067326
584	0.066750
585	0.066722
586	0.067280
587	0.067233
588	0.067268
589	0.067488
590	0.067421
591	0.066589
592	0.066909
593	0.067762
594	0.067203
595	0.067172
596	0.066968
597	0.066644
598	0.067139
599	0.067184
600	0.066765
601	0.067324
602	0.067544
603	0.067277
604	0.067259
605	0.067290
606	0.066774
607	0.067215
608	0.066851
609	0.066798
610	0.066870
611	0.066654
612	0.067118
613	0.067632
614	0.067592
615	0.066628
616	0.068093
617	0.066965
618	0.067626
619	0.067386
620	0.066992
621	0.066423
622	0.067300
623	0.067277
624	0.066888
625	0.066883
626	0.067042
627	0.067083
628	0.067467
629	0.067013
630	0.067119
631	0.066722
632	0.067191
633	0.066810
634	0.066922
635	0.066687
636	0.067041
637	0.067320
638	0.067024
639	0.067006
640	0.066319
641	0.066684
642	0.066647
643	0.066337
644	0.066429
645	0.067626
646	0.066525
647	0.066667
648	0.066818
649	0.066427
650	0.067160
651	0.065971
652	0.066150
653	0.067252
654	0.067336
655	0.066840
656	0.066629
657	0.066454
658	0.066470
659	0.066710
660	0.067071
661	0.066522
662	0.066648
663	0.067019
664	0.067248
665	0.067091
666	0.066840
667	0.066834
668	0.066045
669	0.067241
670	0.066323
671	0.066705
672	0.066971
673	0.066464
674	0.066658
675	0.066528
676	0.066291
677	0.067320
678	0.066068
679	0.066699
680	0.067137
681	0.067187
682	0.066805
683	0.066947
684	0.066588
685	0.066702
686	0.066495
687	0.065954
688	0.066853
689	0.066479
690	0.067199
691	0.066934
692	0.066139
693	0.066663
694	0.066473
695	0.066414
696	0.066292
697	0.066704
698	0.066861
699	0.066493
700	0.066480
701	0.066160
702	0.066271
703	0.066577
704	0.066673
705	0.066321
706	0.067105
707	0.066886
708	0.066344
709	0.067266
710	0.067016
711	0.066557
712	0.066631
713	0.066634
714	0.066472
715	0.065864
716	0.066491
717	0.066369
718	0.066829
719	0.067195
720	0.066223
721	0.066480
722	0.066748
723	0.066200
724	0.066238
725	0.066677
726	0.066797
727	0.065971
728	0.066121
729	0.066551
730	0.066676
731	0.065874
732	0.066639
733	0.066499
734	0.066614
735	0.066542
736	0.066172
737	0.066037
738	0.066376
739	0.066333
740	0.066473
741	0.066268
742	0.065896
743	0.066984
744	0.066429
745	0.066232
746	0.066010
747	0.066285
748	0.066265
749	0.066650
750	0.066156
751	0.066358
752	0.067116
753	0.066149
754	0.066010
755	0.066868
756	0.065878
757	0.067221
758	0.066474
759	0.065813
760	0.066471
761	0.065749
762	0.066625
763	0.066514
764	0.066102
765	0.065728
766	0.066164
767	0.066204
768	0.066246
769	0.066760
770	0.066588
771	0.065842
772	0.066807
773	0.066032
774	0.066229
775	0.066030
776	0.066689
777	0.066372
778	0.066607
779	0.065931
780	0.066013
781	0.066346
782	0.066423
783	0.065838
784	0.065879
785	0.065843
786	0.066522
787	0.066434
788	0.066359
789	0.066228
790	0.066337
791	0.066405
792	0.066626
793	0.066821
794	0.066231
795	0.066472
796	0.066522
797	0.066211
798	0.066164
799	0.066266
800	0.066096
801	0.065962
802	0.065955
803	0.066290
804	0.066188
805	0.066211
806	0.066235
807	0.066170
808	0.066486
809	0.066371
810	0.066267
811	0.065683
812	0.065479
813	0.066145
814	0.066218
815	0.066447
816	0.066058
817	0.066323
818	0.066062
819	0.066072
820	0.066644
821	0.066001
822	0.066613
823	0.066511
824	0.066526
825	0.066278
826	0.066346
827	0.066412
828	0.066675
829	0.066236
830	0.066388
831	0.065975
832	0.066064
833	0.066148
834	0.065853
835	0.066422
836	0.066146
837	0.065123
838	0.066893
839	0.065576
840	0.066322
841	0.066066
842	0.065630
843	0.066271
844	0.066073
845	0.066283
846	0.066372
847	0.066274
848	0.066040
849	0.065782
850	0.065969
851	0.066484
852	0.066275
853	0.066143
854	0.066480
855	0.066317
856	0.066363
857	0.066089
858	0.066287
859	0.066528
860	0.066500
861	0.065827
862	0.066235
863	0.065774
864	0.066163
865	0.065400
866	0.066378
867	0.065236
868	0.066013
869	0.065839
870	0.065848
871	0.066363
872	0.066079
873	0.066394
874	0.066050
875	0.066741
876	0.065864
877	0.065889
878	0.066285
879	0.066626
880	0.066558
881	0.066190
882	0.065451
883	0.066458
884	0.066559
885	0.066892
886	0.065994
887	0.066468
888	0.066271
889	0.066536
890	0.066379
891	0.066257
892	0.066435
893	0.065806
894	0.065601
895	0.065346
896	0.066328
897	0.066142
898	0.066259
899	0.065617
900	0.066432
901	0.065838
902	0.065392
903	0.065836
904	0.066623
905	0.066058
906	0.066501
907	0.066213
908	0.065949
909	0.066072
910	0.065824
911	0.065795
912	0.065993
913	0.065885
914	0.065301
915	0.065615
916	0.065921
917	0.065867
918	0.065804
919	0.065661
920	0.066396
921	0.065919
922	0.066140
923	0.065316
924	0.066687
925	0.065888
926	0.065766
927	0.065821
928	0.066010
929	0.066294
930	0.065666
931	0.065696
932	0.065853
933	0.065525
934	0.065771
935	0.065639
936	0.065902
937	0.066081
938	0.066153
939	0.065861
940	0.065691
941	0.066060
942	0.065922
943	0.066131
944	0.065359
945	0.065694
946	0.065663
947	0.065743
948	0.066500
949	0.066320
950	0.066003
951	0.065782
952	0.066264
953	0.066136
954	0.065784
955	0.065964
956	0.066269
957	0.065858
958	0.065779
959	0.065694
960	0.064874
961	0.065965
962	0.065880
963	0.066254
964	0.066264
965	0.066066
966	0.065605
967	0.065525
968	0.065724
969	0.065535
970	0.065905
971	0.065477
972	0.065844
973	0.066468
974	0.066359
975	0.065639
976	0.065721
977	0.066334
978	0.065373
979	0.065567
980	0.065596
981	0.065691
982	0.065539
983	0.065412
984	0.066655
985	0.065030
986	0.066122
987	0.065486
988	0.066108
989	0.065504
990	0.064910
991	0.065364
992	0.065430
993	0.066226
994	0.065660
995	0.065921
996	0.065725
997	0.065297
998	0.065579
999	0.065256
1000	0.066176
1001	0.065414
1002	0.065707
1003	0.066411
1004	0.065842
1005	0.065405
1006	0.065687
1007	0.065527
1008	0.065823
1009	0.065358
1010	0.065772
1011	0.065828
1012	0.065713
1013	0.065704
1014	0.065666
1015	0.065824
1016	0.065817
1017	0.065268
1018	0.065832
1019	0.065530
1020	0.065689
1021	0.066165
1022	0.065378
1023	0.065526
1024	0.066469
1025	0.065706
1026	0.065379
1027	0.065720
1028	0.065972
1029	0.066445
1030	0.065855
1031	0.065731
1032	0.065905
1033	0.065886
1034	0.065258
1035	0.065580
1036	0.065593
1037	0.065910
1038	0.065902
1039	0.066060
1040	0.066179
1041	0.065963
1042	0.065734
1043	0.065613
1044	0.065733
1045	0.065628
1046	0.065772
1047	0.065731
1048	0.065210
1049	0.065954
1050	0.065913
1051	0.066161
1052	0.065795
1053	0.065884
1054	0.065583
1055	0.065646
1056	0.065944
1057	0.065866
1058	0.066349
1059	0.065726
1060	0.065164
1061	0.065773
1062	0.066078
1063	0.065372
1064	0.065421
1065	0.065811
1066	0.065597
1067	0.065183
1068	0.066201
1069	0.065558
1070	0.065468
1071	0.066087
1072	0.066051
1073	0.065703
1074	0.065283
1075	0.065466
1076	0.065317
1077	0.065269
1078	0.065128
1079	0.065563
1080	0.065817
1081	0.065122
1082	0.065901
1083	0.065479
1084	0.065369
1085	0.065279
1086	0.065827
1087	0.065930
1088	0.065543
1089	0.065159
1090	0.065681
1091	0.065439
1092	0.065673
1093	0.065271
1094	0.065872
1095	0.065934
1096	0.065339
1097	0.065686
1098	0.065883
1099	0.065523
1100	0.066405
1101	0.065716
1102	0.065760
1103	0.065455
1104	0.065724
1105	0.065670
1106	0.065345
1107	0.065212
1108	0.065347
1109	0.066483
1110	0.065467
1111	0.065359
1112	0.066305
1113	0.065161
1114	0.066021
1115	0.065313
1116	0.064730
1117	0.065639
1118	0.065703
1119	0.065248
1120	0.065895
1121	0.065912
1122	0.065458
1123	0.064979
1124	0.065557
1125	0.065226
1126	0.065853
1127	0.065484
1128	0.065935
1129	0.065223
1130	0.066075
1131	0.065787
1132	0.066261
1133	0.066138
1134	0.065957
1135	0.065370
1136	0.065018
1137	0.065215
1138	0.065372
1139	0.065560
1140	0.065675
1141	0.065595
1142	0.065545
1143	0.065539
1144	0.064987
1145	0.065650
1146	0.065419
1147	0.065725
1148	0.065570
1149	0.065292
1150	0.065650
1151	0.065946
1152	0.065526
1153	0.065635
1154	0.064655
1155	0.065484
1156	0.065654
1157	0.065710
1158	0.065571
1159	0.065671
1160	0.065718
1161	0.066047
1162	0.065492
1163	0.065370
1164	0.066142
1165	0.065268
1166	0.065387
1167	0.065240
1168	0.065685
1169	0.065314
1170	0.065330
1171	0.064884
1172	0.066198
1173	0.064816
1174	0.065275
1175	0.065082
1176	0.066027
1177	0.065415
1178	0.065495
1179	0.065541
1180	0.065597
1181	0.065798
1182	0.065714
1183	0.065746
1184	0.065460
1185	0.065387
1186	0.065597
1187	0.065406
1188	0.065566
1189	0.065126
1190	0.065481
1191	0.065658
1192	0.065815
1193	0.065832
1194	0.065727
1195	0.064838
1196	0.065336
1197	0.065678
1198	0.065257
1199	0.065417
1200	0.066141
1201	0.065366
1202	0.065385
1203	0.065375
1204	0.065835
1205	0.065330
1206	0.066532
1207	0.065387
1208	0.065700
1209	0.065637
1210	0.065643
1211	0.065356
1212	0.065447
1213	0.065899
1214	0.065174
1215	0.065371
1216	0.065272
1217	0.065393
1218	0.065353
1219	0.065871
1220	0.065570
1221	0.065060
1222	0.065568
1223	0.065488
1224	0.065585
1225	0.065586
1226	0.065987
1227	0.065769
1228	0.065085
1229	0.064921
1230	0.064659
1231	0.064933
1232	0.066231
1233	0.065642
1234	0.065719
1235	0.066008
1236	0.065487
1237	0.065813
1238	0.065340
1239	0.065918
1240	0.065069
1241	0.065072
1242	0.065691
1243	0.065171
1244	0.064735
1245	0.065382
1246	0.064764
1247	0.065784
1248	0.065245
1249	0.065995
1250	0.065325
1251	0.065740
1252	0.065459
1253	0.065449
1254	0.065669
1255	0.065234
1256	0.064925
1257	0.065525
1258	0.065283
1259	0.065585
1260	0.065654
1261	0.065528
1262	0.064937
1263	0.065047
1264	0.065271
1265	0.065358
1266	0.065261
1267	0.065846
1268	0.065681
1269	0.065782
1270	0.065104
1271	0.064635
1272	0.065166
1273	0.064541
1274	0.065365
1275	0.065198
1276	0.065492
1277	0.065180
1278	0.065731
1279	0.065159
1280	0.065759
1281	0.064977
1282	0.064991
1283	0.065037
1284	0.065533
1285	0.065717
1286	0.065579
1287	0.064963
1288	0.065669
1289	0.065081
1290	0.065818
1291	0.064925
1292	0.065421
1293	0.066098
1294	0.065229
1295	0.065056
1296	0.065495
1297	0.065567
1298	0.064662
1299	0.065230
1300	0.065410
1301	0.065110
1302	0.065373
1303	0.065535
1304	0.065032
1305	0.065561
1306	0.065191
1307	0.064807
1308	0.065289
1309	0.064609
1310	0.064768
1311	0.064763
1312	0.065055
1313	0.065260
1314	0.065774
1315	0.065331
1316	0.065711
1317	0.064965
1318	0.065137
1319	0.064922
1320	0.065092
1321	0.065859
1322	0.064867
1323	0.064973
1324	0.065656
1325	0.065126
1326	0.065555
1327	0.065300
1328	0.064977
1329	0.065280
1330	0.065414
1331	0.065664
1332	0.065364
1333	0.065205
1334	0.065374
1335	0.065028
1336	0.065603
1337	0.065216
1338	0.065259
1339	0.065033
1340	0.065720
1341	0.065405
1342	0.065147
1343	0.064994
1344	0.065738
1345	0.065354
1346	0.064893
1347	0.064983
1348	0.065114
1349	0.065446
1350	0.064992
1351	0.065930
1352	0.065272
1353	0.065036
1354	0.065293
1355	0.064903
1356	0.065709
1357	0.064636
1358	0.064497
1359	0.065017
1360	0.065276
1361	0.065038
1362	0.065071
1363	0.065005
1364	0.064790
1365	0.065340
1366	0.065632
1367	0.064566
1368	0.064593
1369	0.065794
1370	0.065440
1371	0.065149
1372	0.065131
1373	0.065751
1374	0.065068
1375	0.064922
1376	0.065078
1377	0.065023
1378	0.065287
1379	0.064965
1380	0.065647
1381	0.064652
1382	0.065740
1383	0.064706
1384	0.064672
1385	0.065211
1386	0.065234
1387	0.065222
1388	0.065699
1389	0.065236
1390	0.065224
1391	0.065050
1392	0.065003
1393	0.065876
1394	0.065463
1395	0.065497
1396	0.065203
1397	0.065126
1398	0.065615
1399	0.065445
1400	0.064937
1401	0.065455
1402	0.065688
1403	0.064913
1404	0.064828
1405	0.065320
1406	0.065174
1407	0.064953
1408	0.065473
1409	0.064700
1410	0.065415
1411	0.065753
1412	0.065503
1413	0.065134
1414	0.065571
1415	0.065546
1416	0.065302
1417	0.065044
1418	0.065595
1419	0.065158
1420	0.064902
1421	0.064997
1422	0.064774
1423	0.065348
1424	0.065637
1425	0.064838
1426	0.065311
1427	0.065106
1428	0.065246
1429	0.064985
1430	0.065138
1431	0.065126
1432	0.065241
1433	0.065153
1434	0.064612
1435	0.065057
1436	0.065450
1437	0.065413
1438	0.065427
1439	0.065510
1440	0.065121
1441	0.065224
1442	0.065211
1443	0.064970
1444	0.065368
1445	0.065688
1446	0.064955
1447	0.065550
1448	0.064900
1449	0.065084
1450	0.064792
1451	0.065209
1452	0.064947
1453	0.065312
1454	0.065659
1455	0.065328
1456	0.064688
1457	0.065282
1458	0.065516
1459	0.065024
1460	0.065010
1461	0.065200
1462	0.065375
1463	0.064763
1464	0.064731
1465	0.065261
1466	0.065694
1467	0.065683
1468	0.065517
1469	0.064879
1470	0.064865
1471	0.065309
1472	0.065242
1473	0.065321
1474	0.065044
1475	0.064758
1476	0.064775
1477	0.065870
1478	0.065309
1479	0.064820
1480	0.065083
1481	0.064971
1482	0.064909
1483	0.065017
1484	0.064831
1485	0.064988
1486	0.065527
1487	0.064983
1488	0.064901
1489	0.064912
1490	0.064871
1491	0.065153
1492	0.065228
1493	0.065245
1494	0.065176
1495	0.064948
1496	0.065561
1497	0.064981
1498	0.064960
1499	0.064858
1500	0.065142
