Epochs	Loss	
1	0.149937
2	0.151257
3	0.153564
4	0.147252
5	0.147289
6	0.156914
7	0.143135
8	0.140731
9	0.143347
10	0.133365
11	0.143576
12	0.142201
13	0.137811
14	0.134852
15	0.135491
16	0.128529
17	0.131721
18	0.126082
19	0.134900
20	0.124917
21	0.123520
22	0.116438
23	0.117664
24	0.123851
25	0.116677
26	0.119450
27	0.114613
28	0.110777
29	0.111824
30	0.109861
31	0.110399
32	0.112723
33	0.106573
34	0.108565
35	0.107703
36	0.108548
37	0.099950
38	0.098169
39	0.112950
40	0.099566
41	0.099160
42	0.102042
43	0.099742
44	0.097982
45	0.101870
46	0.102205
47	0.094217
48	0.095106
49	0.096906
50	0.096854
51	0.096039
52	0.097255
53	0.096354
54	0.101692
55	0.099327
56	0.094052
57	0.092663
58	0.093310
59	0.095186
60	0.095274
61	0.097096
62	0.098289
63	0.091795
64	0.093061
65	0.098112
66	0.095365
67	0.094967
68	0.097999
69	0.091566
70	0.093761
71	0.096059
72	0.088938
73	0.090718
74	0.099240
75	0.092628
76	0.093445
77	0.091310
78	0.088563
79	0.093294
80	0.094482
81	0.095831
82	0.097345
83	0.093643
84	0.090849
85	0.091499
86	0.096096
87	0.093441
88	0.105941
89	0.093873
90	0.090546
91	0.093861
92	0.094275
93	0.092035
94	0.090819
95	0.097739
96	0.089872
97	0.090545
98	0.091321
99	0.090309
100	0.093532
101	0.093913
102	0.089185
103	0.101953
104	0.094962
105	0.093659
106	0.090798
107	0.092464
108	0.087602
109	0.088422
110	0.090606
111	0.092656
112	0.088493
113	0.089738
114	0.092551
115	0.093461
116	0.091046
117	0.090764
118	0.087061
119	0.086690
120	0.089020
121	0.094509
122	0.088548
123	0.092496
124	0.089402
125	0.087265
126	0.092121
127	0.090494
128	0.088150
129	0.090346
130	0.092331
131	0.091563
132	0.088873
133	0.086906
134	0.087796
135	0.090723
136	0.088839
137	0.094008
138	0.089702
139	0.085335
140	0.086655
141	0.086505
142	0.088789
143	0.089407
144	0.087926
145	0.083623
146	0.096452
147	0.086432
148	0.087553
149	0.089933
150	0.088402
151	0.085858
152	0.092685
153	0.087168
154	0.090326
155	0.087827
156	0.088422
157	0.088932
158	0.087968
159	0.099075
160	0.088276
161	0.084860
162	0.088212
163	0.091127
164	0.089494
165	0.090365
166	0.084208
167	0.084280
168	0.087813
169	0.087409
170	0.089051
171	0.089385
172	0.084542
173	0.092414
174	0.085090
175	0.087197
176	0.088799
177	0.086162
178	0.091476
179	0.084181
180	0.093152
181	0.090622
182	0.086049
183	0.087244
184	0.093491
185	0.088012
186	0.083571
187	0.090676
188	0.089798
189	0.084285
190	0.086358
191	0.087961
192	0.086491
193	0.086165
194	0.091390
195	0.087843
196	0.088661
197	0.083913
198	0.085046
199	0.088174
200	0.085836
201	0.088201
202	0.088033
203	0.087692
204	0.085436
205	0.091851
206	0.083559
207	0.085497
208	0.085101
209	0.089444
210	0.083986
211	0.087229
212	0.087219
213	0.090150
214	0.083766
215	0.086223
216	0.087052
217	0.084254
218	0.084472
219	0.087278
220	0.088607
221	0.086530
222	0.086421
223	0.091540
224	0.085040
225	0.086444
226	0.087495
227	0.086388
228	0.090533
229	0.085598
230	0.086705
231	0.092546
232	0.084720
233	0.088265
234	0.085697
235	0.085084
236	0.089298
237	0.086662
238	0.088843
239	0.085738
240	0.089359
241	0.091421
242	0.085757
243	0.083372
244	0.085123
245	0.089090
246	0.088396
247	0.086270
248	0.086322
249	0.084079
250	0.087221
251	0.088083
252	0.085908
253	0.084236
254	0.089630
255	0.085559
256	0.084887
257	0.088771
258	0.088774
259	0.084980
260	0.089234
261	0.087787
262	0.088707
263	0.085147
264	0.085057
265	0.088915
266	0.087655
267	0.086123
268	0.087206
269	0.085552
270	0.086808
271	0.086060
272	0.088910
273	0.082829
274	0.089311
275	0.088334
276	0.082984
277	0.087308
278	0.083998
279	0.085366
280	0.083372
281	0.085043
282	0.089410
283	0.087609
284	0.084410
285	0.082220
286	0.090651
287	0.087251
288	0.088145
289	0.086289
290	0.086710
291	0.091452
292	0.086646
293	0.085076
294	0.086395
295	0.088040
296	0.085846
297	0.090892
298	0.081998
299	0.088065
300	0.085259
301	0.085750
302	0.082358
303	0.087301
304	0.085229
305	0.082151
306	0.084247
307	0.087387
308	0.089016
309	0.089477
310	0.084800
311	0.086735
312	0.085399
313	0.082802
314	0.083431
315	0.087554
316	0.087877
317	0.085858
318	0.086945
319	0.086891
320	0.084441
321	0.085794
322	0.085493
323	0.085014
324	0.088715
325	0.086822
326	0.081504
327	0.085761
328	0.083827
329	0.090377
330	0.086491
331	0.089965
332	0.084439
333	0.084175
334	0.086831
335	0.083305
336	0.084538
337	0.086582
338	0.084391
339	0.086809
340	0.084522
341	0.086868
342	0.087906
343	0.085229
344	0.086013
345	0.082601
346	0.087422
347	0.084400
348	0.089067
349	0.082938
350	0.084616
351	0.092715
352	0.084790
353	0.085281
354	0.089066
355	0.082001
356	0.083672
357	0.086721
358	0.085930
359	0.083955
360	0.085020
361	0.084878
362	0.082074
363	0.084628
364	0.084184
365	0.084469
366	0.083396
367	0.087540
368	0.090812
369	0.088314
370	0.085182
371	0.084968
372	0.084535
373	0.083962
374	0.083796
375	0.083746
376	0.085320
377	0.082486
378	0.086882
379	0.083794
380	0.086963
381	0.085992
382	0.083147
383	0.085989
384	0.085409
385	0.091631
386	0.081635
387	0.087794
388	0.089876
389	0.094020
390	0.083529
391	0.085519
392	0.083678
393	0.087085
394	0.084126
395	0.086537
396	0.088661
397	0.086262
398	0.081808
399	0.088754
400	0.085578
401	0.085666
402	0.086615
403	0.086984
404	0.087140
405	0.087937
406	0.083997
407	0.080513
408	0.084439
409	0.085949
410	0.085914
411	0.084468
412	0.084733
413	0.090626
414	0.086421
415	0.091825
416	0.085904
417	0.085925
418	0.083043
419	0.087252
420	0.085661
421	0.083989
422	0.084352
423	0.087965
424	0.082452
425	0.088233
426	0.088254
427	0.081148
428	0.085538
429	0.085541
430	0.082959
431	0.085791
432	0.087322
433	0.083493
434	0.091971
435	0.082421
436	0.086760
437	0.084532
438	0.088336
439	0.082439
440	0.082123
441	0.086133
442	0.085858
443	0.086405
444	0.088504
445	0.090150
446	0.091684
447	0.089738
448	0.085247
449	0.084695
450	0.083714
451	0.082750
452	0.081950
453	0.082278
454	0.083615
455	0.085310
456	0.085992
457	0.086661
458	0.082246
459	0.083397
460	0.084027
461	0.088550
462	0.082782
463	0.084570
464	0.086055
465	0.082039
466	0.083202
467	0.082152
468	0.084302
469	0.082326
470	0.081456
471	0.086824
472	0.081345
473	0.083760
474	0.083921
475	0.089931
476	0.081955
477	0.083376
478	0.084587
479	0.086319
480	0.084466
481	0.081045
482	0.082890
483	0.086437
484	0.084466
485	0.091821
486	0.087198
487	0.082442
488	0.083422
489	0.088087
490	0.084451
491	0.083572
492	0.083097
493	0.083457
494	0.082853
495	0.080196
496	0.081469
497	0.087153
498	0.085983
499	0.085372
500	0.083749
501	0.080511
502	0.084846
503	0.084221
504	0.086179
505	0.082360
506	0.091605
507	0.081335
508	0.084367
509	0.083339
510	0.083431
511	0.084204
512	0.086738
513	0.087229
514	0.085430
515	0.083406
516	0.081954
517	0.083446
518	0.085224
519	0.086197
520	0.087897
521	0.087879
522	0.087748
523	0.079676
524	0.081493
525	0.086156
526	0.081990
527	0.081701
528	0.084268
529	0.085205
530	0.085581
531	0.082672
532	0.083941
533	0.082998
534	0.088372
535	0.081302
536	0.083695
537	0.083523
538	0.087510
539	0.089304
540	0.085265
541	0.083828
542	0.083816
543	0.081691
544	0.082244
545	0.084359
546	0.080978
547	0.079775
548	0.080294
549	0.085283
550	0.085055
551	0.081013
552	0.081332
553	0.086038
554	0.083242
555	0.085892
556	0.082574
557	0.084571
558	0.083133
559	0.086027
560	0.088633
561	0.083241
562	0.082847
563	0.088156
564	0.080982
565	0.080637
566	0.082564
567	0.086779
568	0.084640
569	0.080439
570	0.085707
571	0.082972
572	0.080899
573	0.084044
574	0.085278
575	0.087552
576	0.088714
577	0.083538
578	0.080829
579	0.085664
580	0.085398
581	0.082625
582	0.085106
583	0.084806
584	0.085803
585	0.083484
586	0.083313
587	0.082628
588	0.082348
589	0.085116
590	0.084716
591	0.082622
592	0.085375
593	0.085416
594	0.083317
595	0.091732
596	0.088256
597	0.085826
598	0.086265
599	0.090265
600	0.081417
601	0.080555
602	0.081034
603	0.082182
604	0.089223
605	0.080861
606	0.084543
607	0.084026
608	0.080610
609	0.083862
610	0.087761
611	0.085972
612	0.082541
613	0.085849
614	0.083398
615	0.084628
616	0.086181
617	0.083897
618	0.084731
619	0.083963
620	0.083048
621	0.084131
622	0.086269
623	0.085713
624	0.081580
625	0.084576
626	0.087083
627	0.084374
628	0.090838
629	0.085982
630	0.087380
631	0.088220
632	0.084788
633	0.083684
634	0.083650
635	0.084537
636	0.087173
637	0.085796
638	0.085458
639	0.080242
640	0.081860
641	0.087159
642	0.082196
643	0.088886
644	0.081577
645	0.082116
646	0.081658
647	0.084059
648	0.082641
649	0.086721
650	0.082824
651	0.081728
652	0.085665
653	0.085949
654	0.085920
655	0.089308
656	0.084984
657	0.085123
658	0.084774
659	0.085811
660	0.083502
661	0.084035
662	0.081985
663	0.087852
664	0.085100
665	0.086517
666	0.086832
667	0.085393
668	0.090472
669	0.082670
670	0.088434
671	0.084110
672	0.085007
673	0.083991
674	0.088698
675	0.085385
676	0.080009
677	0.083342
678	0.082268
679	0.087081
680	0.081846
681	0.082658
682	0.090300
683	0.088180
684	0.082063
685	0.081373
686	0.085786
687	0.085650
688	0.084944
689	0.081868
690	0.083302
691	0.083110
692	0.083023
693	0.087071
694	0.082816
695	0.085737
696	0.080136
697	0.081350
698	0.083865
699	0.085003
700	0.088483
701	0.083660
702	0.085025
703	0.084602
704	0.090035
705	0.088611
706	0.085599
707	0.092190
708	0.090197
709	0.087207
710	0.094356
711	0.085254
712	0.087310
713	0.081737
714	0.082072
715	0.091821
716	0.085109
717	0.083214
718	0.086414
719	0.089144
720	0.087510
721	0.081413
722	0.083327
723	0.084966
724	0.082484
725	0.082332
726	0.086604
727	0.089645
728	0.083205
729	0.082540
730	0.087692
731	0.082010
732	0.081451
733	0.079797
734	0.083145
735	0.082972
736	0.084514
737	0.086354
738	0.082364
739	0.081267
740	0.080871
741	0.083092
742	0.083380
743	0.082438
744	0.085067
745	0.082127
746	0.082663
747	0.084506
748	0.089486
749	0.086215
750	0.082519
751	0.081571
752	0.086686
753	0.081791
754	0.083292
755	0.082051
756	0.080772
757	0.083852
758	0.087582
759	0.084394
760	0.090715
761	0.081791
762	0.083557
763	0.086973
764	0.081090
765	0.087455
766	0.081522
767	0.084996
768	0.081760
769	0.082084
770	0.081955
771	0.083640
772	0.087861
773	0.083431
774	0.081499
775	0.082333
776	0.087348
777	0.083155
778	0.083476
779	0.087146
780	0.086784
781	0.083429
782	0.081840
783	0.082031
784	0.081419
785	0.083216
786	0.082319
787	0.083780
788	0.087760
789	0.086623
790	0.080953
791	0.080638
792	0.083912
793	0.084988
794	0.084065
795	0.080930
796	0.083920
797	0.087299
798	0.083280
799	0.081014
800	0.085580
801	0.084030
802	0.085939
803	0.085063
804	0.084190
805	0.084457
806	0.083252
807	0.080471
808	0.083675
809	0.084194
810	0.088296
811	0.083404
812	0.084049
813	0.084194
814	0.084959
815	0.089087
816	0.085425
817	0.086910
818	0.083386
819	0.087081
820	0.083055
821	0.079556
822	0.084024
823	0.086225
824	0.085151
825	0.086463
826	0.085443
827	0.084635
828	0.083319
829	0.084535
830	0.084883
831	0.087116
832	0.085903
833	0.080927
834	0.081522
835	0.080049
836	0.082661
837	0.084703
838	0.091103
839	0.084326
840	0.083905
841	0.085831
842	0.083868
843	0.085712
844	0.084894
845	0.080706
846	0.082917
847	0.082730
848	0.086314
849	0.082391
850	0.086226
851	0.082282
852	0.085857
853	0.080988
854	0.083924
855	0.086331
856	0.082504
857	0.083598
858	0.086939
859	0.082031
860	0.084233
861	0.082373
862	0.086547
863	0.085174
864	0.085367
865	0.087214
866	0.083098
867	0.081001
868	0.082266
869	0.083910
870	0.083099
871	0.083587
872	0.085276
873	0.083348
874	0.081145
875	0.085105
876	0.082292
877	0.084927
878	0.082548
879	0.082254
880	0.087174
881	0.082421
882	0.085736
883	0.094418
884	0.082988
885	0.084044
886	0.080890
887	0.082604
888	0.088331
889	0.082803
890	0.085385
891	0.080673
892	0.082295
893	0.085599
894	0.082781
895	0.089095
896	0.081169
897	0.082172
898	0.088325
899	0.082186
900	0.085117
901	0.086040
902	0.084621
903	0.080630
904	0.082442
905	0.090988
906	0.085461
907	0.083198
908	0.079292
909	0.088522
910	0.088434
911	0.080355
912	0.086981
913	0.086171
914	0.083462
915	0.083011
916	0.085203
917	0.083193
918	0.083356
919	0.083053
920	0.084298
921	0.080769
922	0.087018
923	0.080802
924	0.080961
925	0.085722
926	0.081584
927	0.086543
928	0.080207
929	0.086730
930	0.092975
931	0.084929
932	0.083443
933	0.083747
934	0.086531
935	0.081725
936	0.085264
937	0.085897
938	0.082518
939	0.083409
940	0.083088
941	0.084626
942	0.086359
943	0.083891
944	0.088279
945	0.087838
946	0.085617
947	0.080382
948	0.081366
949	0.084748
950	0.079427
951	0.081189
952	0.088070
953	0.082410
954	0.084525
955	0.080551
956	0.086311
957	0.085356
958	0.083954
959	0.081761
960	0.083495
961	0.085739
962	0.084325
963	0.084779
964	0.087091
965	0.082181
966	0.079895
967	0.083422
968	0.084559
969	0.082043
970	0.080617
971	0.082895
972	0.084699
973	0.083998
974	0.086944
975	0.080173
976	0.087005
977	0.078108
978	0.081241
979	0.086866
980	0.085749
981	0.084958
982	0.085151
983	0.081193
984	0.085515
985	0.081525
986	0.087457
987	0.084381
988	0.081228
989	0.082844
990	0.080187
991	0.080501
992	0.082128
993	0.083955
994	0.082083
995	0.082012
996	0.083868
997	0.082791
998	0.079317
999	0.077996
1000	0.082326
1001	0.082205
1002	0.088759
1003	0.084933
1004	0.080347
1005	0.081241
1006	0.081229
1007	0.080552
1008	0.078834
1009	0.084114
1010	0.079238
1011	0.080286
1012	0.084517
1013	0.082124
1014	0.083229
1015	0.089311
1016	0.081849
1017	0.085805
1018	0.086602
1019	0.081836
1020	0.081281
1021	0.083920
1022	0.082935
1023	0.090128
1024	0.083389
1025	0.084431
1026	0.083032
1027	0.083858
1028	0.081073
1029	0.082269
1030	0.079790
1031	0.079970
1032	0.080367
1033	0.079256
1034	0.080190
1035	0.082863
1036	0.083559
1037	0.079728
1038	0.081611
1039	0.083253
1040	0.081505
1041	0.085529
1042	0.087780
1043	0.082688
1044	0.083376
1045	0.083681
1046	0.085566
1047	0.082787
1048	0.085259
1049	0.079093
1050	0.086417
1051	0.081203
1052	0.081696
1053	0.085999
1054	0.084174
1055	0.078031
1056	0.082422
1057	0.082899
1058	0.083668
1059	0.078835
1060	0.081633
1061	0.081808
1062	0.079121
1063	0.079424
1064	0.083426
1065	0.083607
1066	0.086245
1067	0.082800
1068	0.082044
1069	0.082625
1070	0.081179
1071	0.082191
1072	0.086341
1073	0.086941
1074	0.081068
1075	0.080901
1076	0.085660
1077	0.085981
1078	0.083537
1079	0.081825
1080	0.083024
1081	0.081614
1082	0.082756
1083	0.082056
1084	0.087431
1085	0.082475
1086	0.084633
1087	0.080095
1088	0.082529
1089	0.080731
1090	0.081973
1091	0.079123
1092	0.086159
1093	0.081530
1094	0.083812
1095	0.081889
1096	0.080954
1097	0.082615
1098	0.079739
1099	0.084623
1100	0.084211
1101	0.083194
1102	0.085531
1103	0.081710
1104	0.088908
1105	0.081117
1106	0.084469
1107	0.082946
1108	0.082738
1109	0.086556
1110	0.085785
1111	0.081238
1112	0.084182
1113	0.087732
1114	0.083596
1115	0.082030
1116	0.079609
1117	0.084714
1118	0.078530
1119	0.081932
1120	0.083804
1121	0.087055
1122	0.081888
1123	0.081780
1124	0.083639
1125	0.088445
1126	0.083819
1127	0.080399
1128	0.083039
1129	0.089348
1130	0.083037
1131	0.081422
1132	0.081087
1133	0.082139
1134	0.080614
1135	0.086242
1136	0.081639
1137	0.082868
1138	0.085128
1139	0.084326
1140	0.079275
1141	0.080576
1142	0.085550
1143	0.090859
1144	0.087016
1145	0.089896
1146	0.081427
1147	0.083548
1148	0.081435
1149	0.086976
1150	0.083469
1151	0.085860
1152	0.085402
1153	0.080349
1154	0.079650
1155	0.082210
1156	0.085773
1157	0.089131
1158	0.087440
1159	0.080296
1160	0.080157
1161	0.083166
1162	0.081465
1163	0.083363
1164	0.082944
1165	0.085077
1166	0.081549
1167	0.084092
1168	0.079094
1169	0.079260
1170	0.082618
1171	0.083311
1172	0.079113
1173	0.083578
1174	0.082130
1175	0.083588
1176	0.080630
1177	0.086522
1178	0.080783
1179	0.078068
1180	0.081087
1181	0.081904
1182	0.082729
1183	0.079091
1184	0.082588
1185	0.081945
1186	0.079552
1187	0.082677
1188	0.083396
1189	0.080461
1190	0.083264
1191	0.080586
1192	0.081793
1193	0.081499
1194	0.087651
1195	0.080012
1196	0.084329
1197	0.079626
1198	0.079324
1199	0.082292
1200	0.085210
1201	0.081994
1202	0.083065
1203	0.083388
1204	0.082638
1205	0.080339
1206	0.080333
1207	0.086955
1208	0.079916
1209	0.081571
1210	0.081944
1211	0.083314
1212	0.081533
1213	0.081165
1214	0.082324
1215	0.081837
1216	0.080982
1217	0.084166
1218	0.083062
1219	0.081806
1220	0.085695
1221	0.083012
1222	0.085625
1223	0.086504
1224	0.080253
1225	0.079770
1226	0.083430
1227	0.079250
1228	0.084818
1229	0.087318
1230	0.085742
1231	0.082508
1232	0.085806
1233	0.080938
1234	0.086568
1235	0.080780
1236	0.090188
1237	0.083632
1238	0.084260
1239	0.080409
1240	0.079646
1241	0.082380
1242	0.080984
1243	0.088659
1244	0.083411
1245	0.083122
1246	0.083915
1247	0.082559
1248	0.084814
1249	0.081583
1250	0.088195
1251	0.081351
1252	0.084569
1253	0.079239
1254	0.081506
1255	0.081714
1256	0.080474
1257	0.080473
1258	0.087367
1259	0.081554
1260	0.085504
1261	0.084232
1262	0.081292
1263	0.081263
1264	0.082227
1265	0.081632
1266	0.079607
1267	0.084848
1268	0.082215
1269	0.081276
1270	0.084159
1271	0.081550
1272	0.079843
1273	0.081954
1274	0.080242
1275	0.085293
1276	0.081063
1277	0.087421
1278	0.078048
1279	0.080750
1280	0.086921
1281	0.082302
1282	0.080355
1283	0.082867
1284	0.084555
1285	0.079841
1286	0.088883
1287	0.079356
1288	0.082310
1289	0.081165
1290	0.081610
1291	0.086362
1292	0.086460
1293	0.086103
1294	0.078277
1295	0.085959
1296	0.081961
1297	0.084079
1298	0.081480
1299	0.083986
1300	0.083396
1301	0.080977
1302	0.078351
1303	0.082659
1304	0.086221
1305	0.084350
1306	0.079845
1307	0.082028
1308	0.079744
1309	0.087918
1310	0.084740
1311	0.085183
1312	0.080833
1313	0.086244
1314	0.082933
1315	0.081887
1316	0.083151
1317	0.084559
1318	0.085479
1319	0.082050
1320	0.082886
1321	0.086898
1322	0.080193
1323	0.079878
1324	0.085858
1325	0.079376
1326	0.086689
1327	0.080440
1328	0.083814
1329	0.080839
1330	0.080911
1331	0.081034
1332	0.079611
1333	0.079433
1334	0.090911
1335	0.093131
1336	0.082982
1337	0.086789
1338	0.085882
1339	0.080113
1340	0.081480
1341	0.087553
1342	0.079046
1343	0.080745
1344	0.083657
1345	0.084706
1346	0.082105
1347	0.081119
1348	0.079104
1349	0.082490
1350	0.078688
1351	0.080466
1352	0.080856
1353	0.084041
1354	0.085505
1355	0.078739
1356	0.084437
1357	0.086337
1358	0.082318
1359	0.085070
1360	0.080308
1361	0.081129
1362	0.086449
1363	0.085356
1364	0.083002
1365	0.086887
1366	0.083408
1367	0.080635
1368	0.085497
1369	0.082068
1370	0.078554
1371	0.081192
1372	0.082244
1373	0.085422
1374	0.081693
1375	0.084356
1376	0.087725
1377	0.088397
1378	0.088649
1379	0.080130
1380	0.084074
1381	0.083006
1382	0.084361
1383	0.084085
1384	0.083318
1385	0.082098
1386	0.083292
1387	0.081287
1388	0.081497
1389	0.077376
1390	0.079558
1391	0.079875
1392	0.080515
1393	0.080309
1394	0.083689
1395	0.083534
1396	0.085116
1397	0.083400
1398	0.081667
1399	0.080773
1400	0.082660
1401	0.081393
1402	0.080142
1403	0.083363
1404	0.085836
1405	0.080146
1406	0.090227
1407	0.082704
1408	0.083464
1409	0.087461
1410	0.088596
1411	0.082478
1412	0.081875
1413	0.080532
1414	0.081881
1415	0.078125
1416	0.083636
1417	0.082298
1418	0.085038
1419	0.077548
1420	0.081931
1421	0.079929
1422	0.080992
1423	0.082932
1424	0.086659
1425	0.081507
1426	0.080831
1427	0.082251
1428	0.081592
1429	0.084905
1430	0.084843
1431	0.081898
1432	0.080812
1433	0.083619
1434	0.081948
1435	0.085354
1436	0.085758
1437	0.085119
1438	0.085418
1439	0.085790
1440	0.080366
1441	0.082253
1442	0.081828
1443	0.086123
1444	0.084566
1445	0.078918
1446	0.082870
1447	0.079683
1448	0.082772
1449	0.083321
1450	0.083944
1451	0.080635
1452	0.080444
1453	0.081190
1454	0.081116
1455	0.082990
1456	0.080393
1457	0.083993
1458	0.085049
1459	0.082079
1460	0.080184
1461	0.087813
1462	0.083589
1463	0.080984
1464	0.081385
1465	0.080465
1466	0.086567
1467	0.081068
1468	0.083104
1469	0.081872
1470	0.080636
1471	0.085060
1472	0.082233
1473	0.080992
1474	0.082848
1475	0.078168
1476	0.083971
1477	0.084566
1478	0.083588
1479	0.082531
1480	0.084727
1481	0.080648
1482	0.081528
1483	0.082071
1484	0.084283
1485	0.080395
1486	0.084082
1487	0.083725
1488	0.083238
1489	0.085896
1490	0.083713
1491	0.085858
1492	0.080366
1493	0.083563
1494	0.081912
1495	0.081377
1496	0.089721
1497	0.082452
1498	0.089231
1499	0.083686
1500	0.082032
