Epochs	Loss	
1	0.211796
2	0.209409
3	0.203840
4	0.200672
5	0.195466
6	0.190463
7	0.188353
8	0.184142
9	0.176060
10	0.168670
11	0.167216
12	0.167192
13	0.161289
14	0.159181
15	0.155885
16	0.153510
17	0.148617
18	0.143766
19	0.137800
20	0.135745
21	0.135393
22	0.129627
23	0.127144
24	0.123174
25	0.120885
26	0.117224
27	0.114403
28	0.110187
29	0.107632
30	0.106607
31	0.104104
32	0.101043
33	0.098361
34	0.099665
35	0.097012
36	0.098044
37	0.095623
38	0.091467
39	0.090051
40	0.089930
41	0.089615
42	0.087968
43	0.088325
44	0.086629
45	0.085666
46	0.088333
47	0.084346
48	0.085883
49	0.083772
50	0.084295
51	0.083038
52	0.082495
53	0.083358
54	0.083436
55	0.082723
56	0.082909
57	0.080552
58	0.080564
59	0.080344
60	0.080905
61	0.079447
62	0.078959
63	0.077904
64	0.079768
65	0.078101
66	0.079209
67	0.078126
68	0.078876
69	0.077715
70	0.076368
71	0.078668
72	0.077085
73	0.076897
74	0.075308
75	0.076883
76	0.075004
77	0.076041
78	0.076763
79	0.074312
80	0.074644
81	0.074179
82	0.073899
83	0.075029
84	0.074038
85	0.072572
86	0.074494
87	0.073047
88	0.072721
89	0.073135
90	0.073107
91	0.071447
92	0.071995
93	0.073096
94	0.073184
95	0.073971
96	0.073289
97	0.072546
98	0.072594
99	0.072557
100	0.074561
101	0.073973
102	0.072450
103	0.071430
104	0.070760
105	0.069980
106	0.070074
107	0.069543
108	0.070924
109	0.071257
110	0.069733
111	0.071420
112	0.071879
113	0.070790
114	0.069644
115	0.069524
116	0.071014
117	0.069747
118	0.071709
119	0.070914
120	0.069900
121	0.068069
122	0.070268
123	0.069300
124	0.068071
125	0.068369
126	0.069510
127	0.070525
128	0.068908
129	0.069128
130	0.068439
131	0.070369
132	0.067038
133	0.068679
134	0.068374
135	0.068625
136	0.068481
137	0.068243
138	0.068953
139	0.067793
140	0.066619
141	0.067401
142	0.068021
143	0.069927
144	0.067289
145	0.068297
146	0.066533
147	0.066936
148	0.070368
149	0.067286
150	0.066930
151	0.066917
152	0.066831
153	0.067591
154	0.068034
155	0.067325
156	0.066432
157	0.066511
158	0.066555
159	0.066029
160	0.067070
161	0.066483
162	0.066773
163	0.067223
164	0.067448
165	0.067846
166	0.068253
167	0.066727
168	0.066333
169	0.067024
170	0.066402
171	0.066287
172	0.065600
173	0.064781
174	0.065907
175	0.065749
176	0.065596
177	0.067367
178	0.066721
179	0.065908
180	0.067028
181	0.065705
182	0.067445
183	0.066435
184	0.066308
185	0.065470
186	0.067200
187	0.065338
188	0.065608
189	0.066211
190	0.067182
191	0.066044
192	0.065112
193	0.066320
194	0.065414
195	0.066843
196	0.065556
197	0.065853
198	0.064114
199	0.065055
200	0.064222
201	0.063804
202	0.067250
203	0.063782
204	0.065265
205	0.064627
206	0.065440
207	0.064971
208	0.065815
209	0.064343
210	0.065345
211	0.067739
212	0.065695
213	0.064691
214	0.064649
215	0.064034
216	0.063551
217	0.064892
218	0.063719
219	0.065149
220	0.064529
221	0.066124
222	0.065562
223	0.063204
224	0.064720
225	0.063800
226	0.064796
227	0.062856
228	0.063637
229	0.063722
230	0.065308
231	0.063053
232	0.064291
233	0.062739
234	0.064067
235	0.063986
236	0.065194
237	0.064506
238	0.063600
239	0.063700
240	0.064595
241	0.064680
242	0.064418
243	0.065544
244	0.064003
245	0.064021
246	0.064641
247	0.064040
248	0.065420
249	0.065015
250	0.066772
251	0.062486
252	0.062791
253	0.062940
254	0.064307
255	0.064108
256	0.063208
257	0.064355
258	0.064509
259	0.064563
260	0.063614
261	0.064675
262	0.062940
263	0.063386
264	0.064746
265	0.062337
266	0.062687
267	0.064867
268	0.065691
269	0.066150
270	0.062266
271	0.061612
272	0.063023
273	0.065172
274	0.062917
275	0.064310
276	0.063608
277	0.063275
278	0.062813
279	0.065487
280	0.062436
281	0.064668
282	0.064389
283	0.062744
284	0.063217
285	0.062976
286	0.061888
287	0.064304
288	0.063837
289	0.063051
290	0.063292
291	0.063502
292	0.063175
293	0.062781
294	0.063135
295	0.062252
296	0.061742
297	0.063138
298	0.062046
299	0.065263
300	0.062594
301	0.062806
302	0.062547
303	0.062957
304	0.061679
305	0.062810
306	0.062342
307	0.062891
308	0.064612
309	0.062821
310	0.062853
311	0.063181
312	0.062611
313	0.063318
314	0.062335
315	0.063200
316	0.062888
317	0.060746
318	0.062415
319	0.061977
320	0.063834
321	0.061151
322	0.064099
323	0.062317
324	0.062082
325	0.063575
326	0.062369
327	0.063408
328	0.061903
329	0.062052
330	0.061238
331	0.062181
332	0.062376
333	0.063619
334	0.061466
335	0.061803
336	0.063139
337	0.062409
338	0.061807
339	0.062340
340	0.063560
341	0.062102
342	0.062984
343	0.062976
344	0.061155
345	0.063736
346	0.061901
347	0.064791
348	0.060797
349	0.062511
350	0.062146
351	0.060397
352	0.061774
353	0.063035
354	0.061620
355	0.063702
356	0.063287
357	0.061799
358	0.062593
359	0.064215
360	0.061283
361	0.063539
362	0.062274
363	0.061708
364	0.061765
365	0.062699
366	0.062489
367	0.062758
368	0.061481
369	0.063854
370	0.062323
371	0.062479
372	0.061287
373	0.061510
374	0.062485
375	0.061875
376	0.063119
377	0.061243
378	0.061235
379	0.060938
380	0.061266
381	0.062248
382	0.062923
383	0.061725
384	0.062647
385	0.063634
386	0.061334
387	0.060854
388	0.062098
389	0.062996
390	0.061077
391	0.061907
392	0.061299
393	0.062667
394	0.062222
395	0.061234
396	0.062619
397	0.061528
398	0.062471
399	0.062367
400	0.062085
401	0.061490
402	0.060968
403	0.064126
404	0.061853
405	0.060658
406	0.061757
407	0.062308
408	0.062130
409	0.061068
410	0.062381
411	0.061475
412	0.059948
413	0.063106
414	0.063208
415	0.061263
416	0.063053
417	0.062098
418	0.063209
419	0.060720
420	0.061292
421	0.062041
422	0.062057
423	0.061929
424	0.060795
425	0.061186
426	0.061534
427	0.062148
428	0.061669
429	0.061484
430	0.061493
431	0.060847
432	0.062035
433	0.061491
434	0.060785
435	0.062117
436	0.060681
437	0.060270
438	0.062192
439	0.060979
440	0.063372
441	0.061474
442	0.061354
443	0.061306
444	0.062694
445	0.062213
446	0.061230
447	0.060567
448	0.062247
449	0.062171
450	0.060255
451	0.061221
452	0.062222
453	0.062328
454	0.061375
455	0.061009
456	0.063031
457	0.060876
458	0.061677
459	0.060850
460	0.061918
461	0.059383
462	0.061830
463	0.062897
464	0.060614
465	0.061731
466	0.062107
467	0.060494
468	0.061958
469	0.062384
470	0.060014
471	0.061361
472	0.061364
473	0.060942
474	0.060773
475	0.060418
476	0.061178
477	0.059354
478	0.060554
479	0.061673
480	0.062270
481	0.061198
482	0.061814
483	0.063224
484	0.062423
485	0.062255
486	0.060450
487	0.060965
488	0.061717
489	0.060709
490	0.062077
491	0.061086
492	0.061696
493	0.062135
494	0.061183
495	0.060581
496	0.060576
497	0.059592
498	0.060526
499	0.061944
500	0.061686
501	0.060340
502	0.060327
503	0.060295
504	0.061307
505	0.065032
506	0.062139
507	0.064200
508	0.061957
509	0.060194
510	0.061477
511	0.062404
512	0.060854
513	0.060411
514	0.061474
515	0.060525
516	0.061421
517	0.061996
518	0.061294
519	0.061525
520	0.060189
521	0.059441
522	0.060480
523	0.060932
524	0.060840
525	0.060929
526	0.062111
527	0.060664
528	0.064963
529	0.063047
530	0.061159
531	0.061058
532	0.062362
533	0.060901
534	0.061055
535	0.060346
536	0.061762
537	0.060895
538	0.061491
539	0.059182
540	0.061319
541	0.062149
542	0.059846
543	0.061167
544	0.062595
545	0.062692
546	0.059402
547	0.061805
548	0.060802
549	0.061159
550	0.060768
551	0.061820
552	0.060698
553	0.059707
554	0.059778
555	0.060684
556	0.061481
557	0.059734
558	0.060460
559	0.061253
560	0.060399
561	0.059730
562	0.061516
563	0.061360
564	0.061353
565	0.062940
566	0.060071
567	0.061127
568	0.060346
569	0.061830
570	0.060576
571	0.061243
572	0.060487
573	0.060109
574	0.060885
575	0.060102
576	0.060222
577	0.060097
578	0.060852
579	0.059786
580	0.062002
581	0.061811
582	0.060809
583	0.060602
584	0.061658
585	0.061875
586	0.062119
587	0.061352
588	0.060103
589	0.062437
590	0.060879
591	0.060251
592	0.061278
593	0.060126
594	0.060392
595	0.060968
596	0.061001
597	0.060751
598	0.061089
599	0.061197
600	0.061836
601	0.063274
602	0.060400
603	0.060172
604	0.061114
605	0.059478
606	0.060598
607	0.061167
608	0.061300
609	0.062162
610	0.059775
611	0.059671
612	0.060466
613	0.059900
614	0.060357
615	0.061048
616	0.062932
617	0.060463
618	0.062412
619	0.061098
620	0.060117
621	0.061152
622	0.059093
623	0.060416
624	0.058920
625	0.061237
626	0.061004
627	0.060546
628	0.060209
629	0.060116
630	0.059154
631	0.060631
632	0.061709
633	0.060323
634	0.059875
635	0.060475
636	0.060019
637	0.060729
638	0.059742
639	0.059992
640	0.060275
641	0.060540
642	0.059818
643	0.061017
644	0.059562
645	0.061375
646	0.060608
647	0.059081
648	0.061550
649	0.060568
650	0.058788
651	0.060473
652	0.060605
653	0.060104
654	0.060733
655	0.058818
656	0.060182
657	0.060390
658	0.059994
659	0.060815
660	0.059816
661	0.059558
662	0.060216
663	0.060576
664	0.061161
665	0.060305
666	0.059685
667	0.060074
668	0.060171
669	0.059498
670	0.060117
671	0.059056
672	0.060738
673	0.059871
674	0.060705
675	0.059971
676	0.061511
677	0.060459
678	0.061479
679	0.060859
680	0.060253
681	0.060496
682	0.060475
683	0.059870
684	0.060705
685	0.063657
686	0.060536
687	0.059901
688	0.060644
689	0.061023
690	0.059057
691	0.059569
692	0.060957
693	0.061283
694	0.060113
695	0.061348
696	0.061031
697	0.058832
698	0.059695
699	0.061019
700	0.059929
701	0.059725
702	0.060469
703	0.059197
704	0.060599
705	0.059575
706	0.061334
707	0.060288
708	0.060321
709	0.059263
710	0.058382
711	0.058573
712	0.062833
713	0.059654
714	0.059069
715	0.060739
716	0.060030
717	0.059596
718	0.061442
719	0.061459
720	0.060215
721	0.059578
722	0.059959
723	0.060061
724	0.060747
725	0.060780
726	0.058956
727	0.060200
728	0.059445
729	0.059963
730	0.058701
731	0.060274
732	0.060629
733	0.059692
734	0.059581
735	0.059013
736	0.060063
737	0.061113
738	0.059177
739	0.060136
740	0.059244
741	0.059839
742	0.061308
743	0.060579
744	0.060247
745	0.060755
746	0.060535
747	0.062341
748	0.061662
749	0.060201
750	0.062084
751	0.059435
752	0.059820
753	0.060418
754	0.061089
755	0.059466
756	0.061301
757	0.059289
758	0.060850
759	0.060500
760	0.059166
761	0.059642
762	0.059392
763	0.061038
764	0.060043
765	0.061476
766	0.059361
767	0.060547
768	0.059663
769	0.060040
770	0.060533
771	0.061509
772	0.059268
773	0.060445
774	0.058920
775	0.060563
776	0.059922
777	0.060625
778	0.060956
779	0.059909
780	0.060109
781	0.061738
782	0.060285
783	0.059930
784	0.059469
785	0.061329
786	0.060756
787	0.059688
788	0.059080
789	0.059482
790	0.060575
791	0.060729
792	0.060112
793	0.059264
794	0.059555
795	0.060327
796	0.060134
797	0.057641
798	0.063071
799	0.060104
800	0.060219
801	0.060349
802	0.060893
803	0.060428
804	0.060577
805	0.058482
806	0.058920
807	0.060401
808	0.060212
809	0.060133
810	0.058731
811	0.059652
812	0.060639
813	0.060383
814	0.058922
815	0.059362
816	0.060180
817	0.061952
818	0.059612
819	0.060705
820	0.060802
821	0.060866
822	0.059905
823	0.060033
824	0.059671
825	0.058739
826	0.059446
827	0.060929
828	0.059034
829	0.060058
830	0.060945
831	0.060760
832	0.058647
833	0.060366
834	0.058639
835	0.058415
836	0.058737
837	0.059375
838	0.059219
839	0.061012
840	0.060278
841	0.059259
842	0.060532
843	0.059345
844	0.059985
845	0.058730
846	0.058762
847	0.060062
848	0.059900
849	0.059333
850	0.059364
851	0.058610
852	0.060460
853	0.060891
854	0.060857
855	0.059140
856	0.059291
857	0.060061
858	0.059904
859	0.060216
860	0.059212
861	0.061152
862	0.060265
863	0.059901
864	0.058771
865	0.058743
866	0.058532
867	0.061542
868	0.059520
869	0.059332
870	0.058908
871	0.060177
872	0.058337
873	0.061618
874	0.060031
875	0.058922
876	0.059222
877	0.059606
878	0.059300
879	0.059814
880	0.057918
881	0.060807
882	0.059803
883	0.058792
884	0.059713
885	0.059618
886	0.059396
887	0.059008
888	0.059933
889	0.060989
890	0.059704
891	0.059981
892	0.059619
893	0.061170
894	0.058825
895	0.061765
896	0.060785
897	0.059706
898	0.059580
899	0.059308
900	0.059938
901	0.059152
902	0.060034
903	0.058836
904	0.059825
905	0.059675
906	0.059019
907	0.059659
908	0.058940
909	0.058355
910	0.059775
911	0.059203
912	0.060841
913	0.059742
914	0.058948
915	0.059261
916	0.060197
917	0.059446
918	0.059993
919	0.058541
920	0.058484
921	0.060157
922	0.061403
923	0.059213
924	0.060801
925	0.059831
926	0.058889
927	0.060234
928	0.061185
929	0.059342
930	0.059822
931	0.061995
932	0.062891
933	0.059664
934	0.059256
935	0.059461
936	0.059307
937	0.058673
938	0.059214
939	0.058407
940	0.059759
941	0.059117
942	0.059482
943	0.059284
944	0.058776
945	0.060338
946	0.060136
947	0.059465
948	0.059236
949	0.058955
950	0.057800
951	0.059543
952	0.058874
953	0.059262
954	0.058311
955	0.060136
956	0.059278
957	0.058354
958	0.061923
959	0.061346
960	0.058894
961	0.058754
962	0.059135
963	0.058412
964	0.060977
965	0.060175
966	0.059775
967	0.059052
968	0.061280
969	0.059387
970	0.059277
971	0.060009
972	0.061766
973	0.058961
974	0.060003
975	0.059174
976	0.061706
977	0.060187
978	0.059116
979	0.060009
980	0.059568
981	0.058792
982	0.061556
983	0.059443
984	0.059518
985	0.058558
986	0.059818
987	0.059644
988	0.060770
989	0.059776
990	0.057795
991	0.057563
992	0.058947
993	0.060457
994	0.058852
995	0.057952
996	0.058754
997	0.059274
998	0.059564
999	0.060215
1000	0.060148
1001	0.058799
1002	0.059152
1003	0.059610
1004	0.059313
1005	0.059164
1006	0.058901
1007	0.059303
1008	0.058899
1009	0.059528
1010	0.059591
1011	0.059410
1012	0.060043
1013	0.060091
1014	0.058914
1015	0.059001
1016	0.060457
1017	0.060346
1018	0.059328
1019	0.060366
1020	0.060138
1021	0.058474
1022	0.061135
1023	0.060007
1024	0.059062
1025	0.059326
1026	0.060371
1027	0.059417
1028	0.061713
1029	0.059842
1030	0.060316
1031	0.060759
1032	0.059514
1033	0.060685
1034	0.058744
1035	0.058917
1036	0.059095
1037	0.058972
1038	0.059888
1039	0.060863
1040	0.058408
1041	0.060773
1042	0.059969
1043	0.059129
1044	0.059058
1045	0.058766
1046	0.059527
1047	0.059517
1048	0.059617
1049	0.058187
1050	0.058026
1051	0.059596
1052	0.059033
1053	0.061027
1054	0.058341
1055	0.059397
1056	0.057877
1057	0.058786
1058	0.060266
1059	0.058453
1060	0.059827
1061	0.060739
1062	0.058724
1063	0.059758
1064	0.059721
1065	0.059471
1066	0.058892
1067	0.059269
1068	0.059531
1069	0.059138
1070	0.059565
1071	0.059193
1072	0.059623
1073	0.058545
1074	0.058885
1075	0.058875
1076	0.058623
1077	0.059735
1078	0.059424
1079	0.058936
1080	0.060489
1081	0.058812
1082	0.058396
1083	0.059868
1084	0.059384
1085	0.059919
1086	0.061492
1087	0.059891
1088	0.059602
1089	0.060261
1090	0.058116
1091	0.060738
1092	0.058151
1093	0.060403
1094	0.061263
1095	0.059907
1096	0.060645
1097	0.059324
1098	0.059192
1099	0.060874
1100	0.058119
1101	0.058869
1102	0.060053
1103	0.060289
1104	0.057813
1105	0.058843
1106	0.059478
1107	0.059374
1108	0.057990
1109	0.057802
1110	0.058802
1111	0.057682
1112	0.059409
1113	0.058569
1114	0.059953
1115	0.059148
1116	0.058874
1117	0.058435
1118	0.058685
1119	0.060247
1120	0.059218
1121	0.058245
1122	0.059808
1123	0.059845
1124	0.059964
1125	0.058476
1126	0.059586
1127	0.059043
1128	0.060319
1129	0.059577
1130	0.060224
1131	0.058942
1132	0.059328
1133	0.059372
1134	0.057379
1135	0.058084
1136	0.057970
1137	0.059638
1138	0.058365
1139	0.059720
1140	0.059097
1141	0.058528
1142	0.059600
1143	0.059317
1144	0.058269
1145	0.060008
1146	0.059755
1147	0.058571
1148	0.059278
1149	0.060585
1150	0.060517
1151	0.059711
1152	0.058060
1153	0.059176
1154	0.059450
1155	0.060259
1156	0.058447
1157	0.059896
1158	0.057816
1159	0.058270
1160	0.059536
1161	0.062793
1162	0.060421
1163	0.058788
1164	0.057544
1165	0.059944
1166	0.059882
1167	0.058616
1168	0.058357
1169	0.058243
1170	0.058503
1171	0.058749
1172	0.058596
1173	0.058953
1174	0.059201
1175	0.059540
1176	0.058616
1177	0.057930
1178	0.058112
1179	0.061002
1180	0.058715
1181	0.058209
1182	0.058500
1183	0.061637
1184	0.059131
1185	0.059480
1186	0.058499
1187	0.059319
1188	0.059894
1189	0.058554
1190	0.060089
1191	0.058888
1192	0.058483
1193	0.057951
1194	0.060388
1195	0.060076
1196	0.058083
1197	0.059806
1198	0.059138
1199	0.058216
1200	0.060396
1201	0.059084
1202	0.058129
1203	0.058959
1204	0.060091
1205	0.059316
1206	0.060011
1207	0.059647
1208	0.059775
1209	0.058841
1210	0.058619
1211	0.059173
1212	0.057665
1213	0.058800
1214	0.059719
1215	0.060107
1216	0.059297
1217	0.058796
1218	0.060226
1219	0.061262
1220	0.058862
1221	0.061209
1222	0.058739
1223	0.058443
1224	0.058797
1225	0.058246
1226	0.059284
1227	0.059628
1228	0.059320
1229	0.060294
1230	0.059730
1231	0.059048
1232	0.058922
1233	0.058338
1234	0.058608
1235	0.058254
1236	0.058518
1237	0.058723
1238	0.059341
1239	0.060044
1240	0.059510
1241	0.058642
1242	0.057687
1243	0.058383
1244	0.058716
1245	0.059453
1246	0.058615
1247	0.059333
1248	0.057974
1249	0.060205
1250	0.058969
1251	0.058157
1252	0.057977
1253	0.058026
1254	0.058774
1255	0.059356
1256	0.058978
1257	0.059787
1258	0.060162
1259	0.058745
1260	0.059567
1261	0.058314
1262	0.059050
1263	0.059001
1264	0.058818
1265	0.059908
1266	0.060360
1267	0.059246
1268	0.058012
1269	0.059784
1270	0.058692
1271	0.059333
1272	0.060702
1273	0.059704
1274	0.059991
1275	0.057923
1276	0.059750
1277	0.058513
1278	0.057817
1279	0.059147
1280	0.058537
1281	0.058626
1282	0.057902
1283	0.058348
1284	0.058832
1285	0.060192
1286	0.059626
1287	0.061439
1288	0.060539
1289	0.058686
1290	0.059164
1291	0.058535
1292	0.059089
1293	0.057419
1294	0.059240
1295	0.057728
1296	0.060327
1297	0.059038
1298	0.058822
1299	0.059339
1300	0.058293
1301	0.057812
1302	0.058987
1303	0.058751
1304	0.058851
1305	0.058738
1306	0.057746
1307	0.058471
1308	0.058232
1309	0.058984
1310	0.059887
1311	0.059580
1312	0.059500
1313	0.059174
1314	0.059800
1315	0.059700
1316	0.058012
1317	0.059938
1318	0.059451
1319	0.059024
1320	0.057835
1321	0.059584
1322	0.058241
1323	0.059507
1324	0.058005
1325	0.058197
1326	0.059073
1327	0.058082
1328	0.057902
1329	0.058872
1330	0.058294
1331	0.059439
1332	0.059136
1333	0.057999
1334	0.058502
1335	0.059300
1336	0.058483
1337	0.061096
1338	0.058522
1339	0.059525
1340	0.057915
1341	0.059273
1342	0.059478
1343	0.060435
1344	0.058087
1345	0.058549
1346	0.058421
1347	0.057879
1348	0.058528
1349	0.058264
1350	0.057862
1351	0.060600
1352	0.059838
1353	0.058099
1354	0.057903
1355	0.059157
1356	0.061233
1357	0.058684
1358	0.058342
1359	0.059301
1360	0.058893
1361	0.059033
1362	0.059276
1363	0.057719
1364	0.056855
1365	0.058323
1366	0.057888
1367	0.058019
1368	0.059413
1369	0.058081
1370	0.058771
1371	0.058793
1372	0.058463
1373	0.058689
1374	0.058594
1375	0.059302
1376	0.059287
1377	0.058941
1378	0.057926
1379	0.057757
1380	0.059957
1381	0.060120
1382	0.058744
1383	0.060337
1384	0.058104
1385	0.059322
1386	0.058339
1387	0.057830
1388	0.058530
1389	0.057181
1390	0.059920
1391	0.061800
1392	0.058983
1393	0.058878
1394	0.058650
1395	0.057923
1396	0.060319
1397	0.058864
1398	0.058150
1399	0.058672
1400	0.058404
1401	0.059029
1402	0.060678
1403	0.059770
1404	0.059695
1405	0.058482
1406	0.058611
1407	0.057745
1408	0.060342
1409	0.059444
1410	0.060329
1411	0.058989
1412	0.058170
1413	0.058627
1414	0.058699
1415	0.059011
1416	0.059160
1417	0.059708
1418	0.058643
1419	0.059183
1420	0.059663
1421	0.059121
1422	0.058161
1423	0.058050
1424	0.057961
1425	0.060118
1426	0.059113
1427	0.057483
1428	0.057803
1429	0.058571
1430	0.059789
1431	0.058309
1432	0.058154
1433	0.058723
1434	0.057594
1435	0.058751
1436	0.060097
1437	0.058251
1438	0.058033
1439	0.058151
1440	0.059147
1441	0.057626
1442	0.058340
1443	0.058044
1444	0.058031
1445	0.057682
1446	0.059178
1447	0.058357
1448	0.058903
1449	0.057136
1450	0.058713
1451	0.057763
1452	0.060975
1453	0.057539
1454	0.057977
1455	0.058850
1456	0.059066
1457	0.057787
1458	0.058970
1459	0.058907
1460	0.058916
1461	0.061132
1462	0.058924
1463	0.058054
1464	0.058961
1465	0.059496
1466	0.059509
1467	0.060387
1468	0.058067
1469	0.059418
1470	0.058394
1471	0.057814
1472	0.057909
1473	0.059243
1474	0.058090
1475	0.057830
1476	0.057337
1477	0.059108
1478	0.058340
1479	0.060441
1480	0.059215
1481	0.057992
1482	0.058982
1483	0.059669
1484	0.058351
1485	0.058990
1486	0.058289
1487	0.057330
1488	0.058249
1489	0.058030
1490	0.058393
1491	0.059492
1492	0.058165
1493	0.058566
1494	0.058070
1495	0.057271
1496	0.058286
1497	0.056906
1498	0.058469
1499	0.058912
1500	0.057236
