Epochs	Loss	
1	0.069782
2	0.066881
3	0.066617
4	0.065763
5	0.065453
6	0.063962
7	0.063710
8	0.063524
9	0.062165
10	0.061741
11	0.060911
12	0.062445
13	0.060543
14	0.060727
15	0.061400
16	0.059826
17	0.060262
18	0.059492
19	0.058402
20	0.058359
21	0.058720
22	0.060163
23	0.059218
24	0.057006
25	0.058490
26	0.058096
27	0.058367
28	0.058785
29	0.058386
30	0.057093
31	0.057672
32	0.057431
33	0.056396
34	0.056034
35	0.057281
36	0.056209
37	0.054961
38	0.056210
39	0.055253
40	0.054877
41	0.054989
42	0.056393
43	0.055305
44	0.054807
45	0.054519
46	0.054079
47	0.054194
48	0.053551
49	0.054987
50	0.052514
51	0.053278
52	0.054390
53	0.052394
54	0.052985
55	0.053190
56	0.051870
57	0.052646
58	0.053075
59	0.052038
60	0.050689
61	0.051547
62	0.051575
63	0.050495
64	0.050918
65	0.051329
66	0.050711
67	0.050301
68	0.049439
69	0.051109
70	0.050134
71	0.049729
72	0.050043
73	0.049279
74	0.049445
75	0.048875
76	0.048979
77	0.049070
78	0.047636
79	0.049887
80	0.047312
81	0.046732
82	0.048385
83	0.047791
84	0.047211
85	0.047717
86	0.047242
87	0.046145
88	0.047095
89	0.045399
90	0.045678
91	0.046718
92	0.045633
93	0.046422
94	0.045673
95	0.046204
96	0.045694
97	0.045717
98	0.045439
99	0.045693
100	0.045680
101	0.045465
102	0.044699
103	0.044595
104	0.043888
105	0.045781
106	0.044622
107	0.044492
108	0.043747
109	0.043616
110	0.044286
111	0.044185
112	0.044022
113	0.043947
114	0.044776
115	0.043782
116	0.044283
117	0.043668
118	0.043327
119	0.042951
120	0.044134
121	0.042010
122	0.042651
123	0.042209
124	0.043750
125	0.042963
126	0.043661
127	0.044450
128	0.042134
129	0.042721
130	0.042711
131	0.043154
132	0.041314
133	0.042606
134	0.041537
135	0.041756
136	0.042151
137	0.042936
138	0.041628
139	0.042823
140	0.042106
141	0.041680
142	0.042130
143	0.041070
144	0.041804
145	0.042910
146	0.042500
147	0.041777
148	0.042217
149	0.041037
150	0.041664
151	0.042692
152	0.041501
153	0.041638
154	0.041749
155	0.042376
156	0.041991
157	0.041119
158	0.040830
159	0.042453
160	0.040388
161	0.040918
162	0.040852
163	0.042224
164	0.041331
165	0.041681
166	0.039152
167	0.040204
168	0.040830
169	0.041391
170	0.039793
171	0.039840
172	0.040754
173	0.041375
174	0.041553
175	0.039394
176	0.040629
177	0.040909
178	0.040814
179	0.040865
180	0.041283
181	0.040448
182	0.039817
183	0.040039
184	0.040547
185	0.040966
186	0.041635
187	0.041381
188	0.040126
189	0.040515
190	0.039775
191	0.039810
192	0.040197
193	0.041035
194	0.039941
195	0.039506
196	0.039534
197	0.041288
198	0.040483
199	0.040854
200	0.040229
201	0.040306
202	0.039620
203	0.040461
204	0.040692
205	0.039570
206	0.038127
207	0.040232
208	0.039801
209	0.039933
210	0.040226
211	0.038888
212	0.040381
213	0.039323
214	0.038110
215	0.039562
216	0.039891
217	0.039727
218	0.038421
219	0.040590
220	0.038742
221	0.039022
222	0.038942
223	0.039100
224	0.039829
225	0.039327
226	0.038865
227	0.039297
228	0.038484
229	0.038512
230	0.039772
231	0.039341
232	0.040248
233	0.040134
234	0.039859
235	0.038772
236	0.038221
237	0.039566
238	0.038571
239	0.038818
240	0.039772
241	0.039031
242	0.039116
243	0.039950
244	0.038202
245	0.039112
246	0.039856
247	0.039977
248	0.038058
249	0.038528
250	0.038162
251	0.038718
252	0.038425
253	0.040002
254	0.039256
255	0.038082
256	0.038529
257	0.040978
258	0.037620
259	0.038958
260	0.037948
261	0.038577
262	0.039544
263	0.039508
264	0.039402
265	0.038019
266	0.038304
267	0.039590
268	0.039361
269	0.039136
270	0.039526
271	0.038228
272	0.037908
273	0.039426
274	0.038736
275	0.039218
276	0.037493
277	0.037891
278	0.038388
279	0.038632
280	0.039696
281	0.037239
282	0.038177
283	0.039682
284	0.037987
285	0.039072
286	0.039372
287	0.038549
288	0.038973
289	0.038162
290	0.038520
291	0.039503
292	0.038170
293	0.037806
294	0.038886
295	0.039005
296	0.040684
297	0.038474
298	0.037903
299	0.037632
300	0.038651
301	0.039316
302	0.038325
303	0.039591
304	0.038366
305	0.039228
306	0.038713
307	0.039425
308	0.038113
309	0.038080
310	0.038364
311	0.039787
312	0.038240
313	0.037825
314	0.039021
315	0.038090
316	0.038204
317	0.038832
318	0.038259
319	0.039179
320	0.039269
321	0.038860
322	0.038859
323	0.039236
324	0.037585
325	0.038111
326	0.037892
327	0.037842
328	0.039248
329	0.038110
330	0.037841
331	0.037630
332	0.038251
333	0.037129
334	0.037956
335	0.038466
336	0.039291
337	0.038552
338	0.038016
339	0.038251
340	0.037707
341	0.038614
342	0.038938
343	0.038137
344	0.038234
345	0.037725
346	0.039184
347	0.038505
348	0.038947
349	0.037071
350	0.038070
351	0.037984
352	0.037514
353	0.038799
354	0.038071
355	0.037718
356	0.038481
357	0.038640
358	0.039200
359	0.038139
360	0.037259
361	0.038501
362	0.037927
363	0.037935
364	0.039162
365	0.038318
366	0.039286
367	0.039496
368	0.036945
369	0.039416
370	0.037119
371	0.039497
372	0.037431
373	0.037360
374	0.038651
375	0.037288
376	0.037642
377	0.037891
378	0.037699
379	0.038040
380	0.037280
381	0.037446
382	0.038596
383	0.038470
384	0.037453
385	0.037452
386	0.039007
387	0.037426
388	0.036446
389	0.037842
390	0.038634
391	0.037532
392	0.038511
393	0.038408
394	0.037123
395	0.037889
396	0.037720
397	0.037114
398	0.038842
399	0.038110
400	0.038067
401	0.038054
402	0.037972
403	0.036553
404	0.036335
405	0.038683
406	0.037123
407	0.038137
408	0.038146
409	0.039229
410	0.037573
411	0.036853
412	0.038038
413	0.037560
414	0.037190
415	0.037613
416	0.037279
417	0.037265
418	0.037509
419	0.037815
420	0.037349
421	0.037771
422	0.037774
423	0.037153
424	0.038784
425	0.036852
426	0.036648
427	0.037453
428	0.038018
429	0.037850
430	0.037785
431	0.036212
432	0.038712
433	0.036640
434	0.037038
435	0.037251
436	0.037516
437	0.037704
438	0.039226
439	0.036986
440	0.037114
441	0.036843
442	0.038566
443	0.037674
444	0.036711
445	0.036426
446	0.036449
447	0.037766
448	0.037569
449	0.038645
450	0.038000
451	0.037355
452	0.036611
453	0.038149
454	0.038177
455	0.038489
456	0.037723
457	0.038763
458	0.037732
459	0.037142
460	0.037155
461	0.038159
462	0.037975
463	0.036454
464	0.037644
465	0.037118
466	0.037981
467	0.038067
468	0.037442
469	0.037876
470	0.036210
471	0.036961
472	0.036340
473	0.036978
474	0.036537
475	0.037109
476	0.036547
477	0.037295
478	0.036425
479	0.038214
480	0.036391
481	0.037829
482	0.037229
483	0.037612
484	0.036501
485	0.037885
486	0.036609
487	0.037977
488	0.037882
489	0.037919
490	0.037497
491	0.037780
492	0.036637
493	0.037120
494	0.036808
495	0.036686
496	0.038444
497	0.037239
498	0.036756
499	0.037680
500	0.037910
501	0.036802
502	0.037655
503	0.038310
504	0.037115
505	0.037808
506	0.037952
507	0.036768
508	0.037821
509	0.036538
510	0.037233
511	0.038077
512	0.037539
513	0.036760
514	0.038301
515	0.037215
516	0.037248
517	0.037561
518	0.038745
519	0.037335
520	0.036348
521	0.036374
522	0.037207
523	0.037117
524	0.036108
525	0.035988
526	0.037364
527	0.038516
528	0.036821
529	0.038182
530	0.037394
531	0.035755
532	0.037937
533	0.036466
534	0.036566
535	0.037008
536	0.037647
537	0.036808
538	0.036684
539	0.037565
540	0.036624
541	0.038449
542	0.037494
543	0.037343
544	0.035969
545	0.035893
546	0.037449
547	0.037040
548	0.037353
549	0.037770
550	0.036648
551	0.037212
552	0.036936
553	0.036792
554	0.036597
555	0.036920
556	0.036376
557	0.036951
558	0.037235
559	0.037217
560	0.037534
561	0.036352
562	0.037997
563	0.036786
564	0.036395
565	0.037367
566	0.036993
567	0.036941
568	0.035857
569	0.037560
570	0.036946
571	0.038330
572	0.036636
573	0.037015
574	0.037270
575	0.037604
576	0.037844
577	0.036337
578	0.036773
579	0.035829
580	0.037647
581	0.037408
582	0.037377
583	0.037566
584	0.036631
585	0.037102
586	0.036932
587	0.036504
588	0.038007
589	0.037274
590	0.037451
591	0.036830
592	0.037851
593	0.036722
594	0.036461
595	0.038185
596	0.037000
597	0.036857
598	0.036021
599	0.036990
600	0.037547
601	0.037516
602	0.037026
603	0.037052
604	0.036503
605	0.035763
606	0.036332
607	0.037351
608	0.035445
609	0.036723
610	0.037189
611	0.037395
612	0.036899
613	0.036411
614	0.037397
615	0.036705
616	0.037211
617	0.035243
618	0.035610
619	0.037466
620	0.035855
621	0.037504
622	0.036758
623	0.036937
624	0.037658
625	0.038365
626	0.036911
627	0.036870
628	0.036987
629	0.036174
630	0.036099
631	0.037383
632	0.037297
633	0.036749
634	0.037910
635	0.035591
636	0.037518
637	0.037961
638	0.037232
639	0.036224
640	0.037983
641	0.036620
642	0.036917
643	0.036560
644	0.037360
645	0.035637
646	0.037017
647	0.035892
648	0.037579
649	0.036802
650	0.036964
651	0.037014
652	0.037405
653	0.036760
654	0.037587
655	0.037747
656	0.037286
657	0.035990
658	0.036217
659	0.036729
660	0.036818
661	0.036146
662	0.036449
663	0.037066
664	0.036484
665	0.036463
666	0.037302
667	0.035842
668	0.036957
669	0.036455
670	0.036073
671	0.035712
672	0.035859
673	0.035669
674	0.037379
675	0.036852
676	0.037322
677	0.036163
678	0.036004
679	0.036946
680	0.037144
681	0.037765
682	0.036550
683	0.037668
684	0.036053
685	0.036364
686	0.036132
687	0.036854
688	0.035882
689	0.035454
690	0.035928
691	0.036657
692	0.036767
693	0.037798
694	0.035948
695	0.035850
696	0.035361
697	0.037614
698	0.036081
699	0.036137
700	0.036836
701	0.037960
702	0.037032
703	0.037842
704	0.036672
705	0.036239
706	0.037902
707	0.036578
708	0.036165
709	0.035551
710	0.036979
711	0.037456
712	0.036212
713	0.035201
714	0.037938
715	0.036918
716	0.035568
717	0.035652
718	0.036617
719	0.036702
720	0.036142
721	0.036759
722	0.035875
723	0.037079
724	0.035709
725	0.037548
726	0.035847
727	0.036834
728	0.036323
729	0.036963
730	0.037257
731	0.035971
732	0.036861
733	0.038092
734	0.036304
735	0.037115
736	0.037663
737	0.035457
738	0.036677
739	0.037207
740	0.036747
741	0.036293
742	0.037370
743	0.035389
744	0.035806
745	0.034821
746	0.036399
747	0.035873
748	0.037302
749	0.038403
750	0.035955
751	0.036415
752	0.035366
753	0.036320
754	0.037036
755	0.036321
756	0.036815
757	0.036353
758	0.037524
759	0.036667
760	0.037242
761	0.036836
762	0.036086
763	0.036975
764	0.036587
765	0.036524
766	0.035973
767	0.036505
768	0.036112
769	0.037152
770	0.036629
771	0.036621
772	0.035638
773	0.036818
774	0.035267
775	0.035289
776	0.036183
777	0.036388
778	0.037080
779	0.037224
780	0.036617
781	0.036427
782	0.035169
783	0.035810
784	0.035941
785	0.036838
786	0.036839
787	0.037789
788	0.036421
789	0.036945
790	0.036191
791	0.036394
792	0.036513
793	0.036842
794	0.037795
795	0.035828
796	0.035045
797	0.035690
798	0.037328
799	0.035682
800	0.035933
801	0.037302
802	0.035129
803	0.037134
804	0.036373
805	0.036450
806	0.036402
807	0.037936
808	0.036424
809	0.035240
810	0.035137
811	0.037382
812	0.036614
813	0.036245
814	0.035253
815	0.036464
816	0.036152
817	0.037193
818	0.035519
819	0.036301
820	0.036008
821	0.036339
822	0.037141
823	0.036105
824	0.035250
825	0.036748
826	0.035514
827	0.037201
828	0.036388
829	0.037033
830	0.035788
831	0.037040
832	0.035850
833	0.035719
834	0.036038
835	0.035797
836	0.036296
837	0.036296
838	0.037453
839	0.036903
840	0.036670
841	0.036307
842	0.036218
843	0.036020
844	0.035476
845	0.037775
846	0.037128
847	0.036263
848	0.036351
849	0.035369
850	0.037634
851	0.035927
852	0.035204
853	0.037104
854	0.035286
855	0.035706
856	0.037023
857	0.036886
858	0.036331
859	0.035773
860	0.036523
861	0.037146
862	0.035799
863	0.037345
864	0.035954
865	0.036203
866	0.035253
867	0.035745
868	0.035284
869	0.035842
870	0.036295
871	0.037206
872	0.035475
873	0.036349
874	0.035920
875	0.036388
876	0.035834
877	0.035763
878	0.035826
879	0.036205
880	0.037247
881	0.035727
882	0.036240
883	0.036007
884	0.035509
885	0.035680
886	0.035260
887	0.036643
888	0.035926
889	0.036121
890	0.036145
891	0.036809
892	0.035906
893	0.036402
894	0.035306
895	0.035636
896	0.036595
897	0.036412
898	0.036480
899	0.036199
900	0.037820
901	0.036897
902	0.036280
903	0.036542
904	0.036747
905	0.035458
906	0.036403
907	0.035867
908	0.036514
909	0.037267
910	0.036988
911	0.036332
912	0.036287
913	0.036197
914	0.037532
915	0.036026
916	0.035970
917	0.035956
918	0.036810
919	0.036471
920	0.036327
921	0.036478
922	0.037697
923	0.035411
924	0.035680
925	0.037893
926	0.037332
927	0.036040
928	0.036880
929	0.037023
930	0.036535
931	0.036315
932	0.036870
933	0.035014
934	0.034617
935	0.035567
936	0.037549
937	0.036474
938	0.035790
939	0.035434
940	0.036427
941	0.036278
942	0.036111
943	0.036079
944	0.035905
945	0.035901
946	0.036186
947	0.036660
948	0.034692
949	0.034988
950	0.035434
951	0.037094
952	0.035363
953	0.036296
954	0.035654
955	0.036547
956	0.037112
957	0.036554
958	0.036597
959	0.035574
960	0.036681
961	0.036310
962	0.034739
963	0.035790
964	0.037609
965	0.036671
966	0.035814
967	0.036524
968	0.035659
969	0.035899
970	0.035606
971	0.036120
972	0.035291
973	0.036415
974	0.035170
975	0.034959
976	0.036018
977	0.036307
978	0.035690
979	0.035747
980	0.035614
981	0.036094
982	0.036352
983	0.035919
984	0.035232
985	0.035160
986	0.035852
987	0.035529
988	0.035833
989	0.036003
990	0.035770
991	0.036435
992	0.034889
993	0.035279
994	0.035574
995	0.036271
996	0.035643
997	0.035399
998	0.035614
999	0.035624
1000	0.036120
1001	0.035317
1002	0.036305
1003	0.035182
1004	0.036983
1005	0.036360
1006	0.035322
1007	0.036460
1008	0.036976
1009	0.036211
1010	0.036544
1011	0.035145
1012	0.035712
1013	0.034921
1014	0.036268
1015	0.036971
1016	0.036343
1017	0.035958
1018	0.035552
1019	0.036488
1020	0.036395
1021	0.036748
1022	0.035564
1023	0.037135
1024	0.035389
1025	0.036293
1026	0.037161
1027	0.035786
1028	0.035995
1029	0.036160
1030	0.036042
1031	0.035964
1032	0.035602
1033	0.035970
1034	0.034995
1035	0.036959
1036	0.036604
1037	0.036907
1038	0.035582
1039	0.036160
1040	0.035739
1041	0.035799
1042	0.034905
1043	0.036731
1044	0.034734
1045	0.035780
1046	0.035758
1047	0.035783
1048	0.035009
1049	0.035052
1050	0.036263
1051	0.035786
1052	0.035362
1053	0.035324
1054	0.036778
1055	0.035741
1056	0.035552
1057	0.035986
1058	0.036376
1059	0.035730
1060	0.036386
1061	0.035397
1062	0.036648
1063	0.036275
1064	0.035100
1065	0.035560
1066	0.034557
1067	0.035203
1068	0.035178
1069	0.035993
1070	0.035771
1071	0.035102
1072	0.035610
1073	0.036018
1074	0.036385
1075	0.037023
1076	0.036609
1077	0.035738
1078	0.036046
1079	0.037142
1080	0.037416
1081	0.035240
1082	0.035415
1083	0.036454
1084	0.036812
1085	0.035221
1086	0.035982
1087	0.035549
1088	0.035424
1089	0.035244
1090	0.036286
1091	0.035908
1092	0.035506
1093	0.035235
1094	0.035514
1095	0.036562
1096	0.035308
1097	0.036278
1098	0.036071
1099	0.036281
1100	0.037150
1101	0.036309
1102	0.036213
1103	0.035959
1104	0.035454
1105	0.036518
1106	0.036981
1107	0.037800
1108	0.036146
1109	0.035201
1110	0.036463
1111	0.036407
1112	0.036569
1113	0.035745
1114	0.034545
1115	0.034858
1116	0.035320
1117	0.036903
1118	0.035606
1119	0.036389
1120	0.035873
1121	0.035729
1122	0.036173
1123	0.036002
1124	0.036095
1125	0.035065
1126	0.034922
1127	0.036304
1128	0.036132
1129	0.036578
1130	0.036069
1131	0.035897
1132	0.036271
1133	0.035618
1134	0.036657
1135	0.035787
1136	0.035533
1137	0.036114
1138	0.036402
1139	0.035334
1140	0.035239
1141	0.034631
1142	0.034291
1143	0.035401
1144	0.035703
1145	0.035816
1146	0.035499
1147	0.034595
1148	0.035974
1149	0.035254
1150	0.036144
1151	0.035558
1152	0.035524
1153	0.035746
1154	0.037035
1155	0.035278
1156	0.035839
1157	0.034765
1158	0.034964
1159	0.034427
1160	0.035502
1161	0.034436
1162	0.035430
1163	0.035320
1164	0.036822
1165	0.035576
1166	0.036712
1167	0.035107
1168	0.035325
1169	0.036460
1170	0.035817
1171	0.035723
1172	0.035306
1173	0.034722
1174	0.036636
1175	0.035684
1176	0.035999
1177	0.035980
1178	0.035911
1179	0.035727
1180	0.035284
1181	0.035496
1182	0.035196
1183	0.035480
1184	0.034897
1185	0.035799
1186	0.036926
1187	0.034971
1188	0.036368
1189	0.035291
1190	0.036663
1191	0.035408
1192	0.035497
1193	0.035769
1194	0.034467
1195	0.036463
1196	0.036261
1197	0.034895
1198	0.035347
1199	0.035830
1200	0.034722
1201	0.035279
1202	0.034843
1203	0.034749
1204	0.034863
1205	0.035456
1206	0.035180
1207	0.036203
1208	0.034968
1209	0.036486
1210	0.034924
1211	0.036034
1212	0.036162
1213	0.036611
1214	0.036266
1215	0.034905
1216	0.035298
1217	0.035278
1218	0.035356
1219	0.035542
1220	0.036323
1221	0.035752
1222	0.035504
1223	0.036222
1224	0.036751
1225	0.034782
1226	0.035919
1227	0.036444
1228	0.035757
1229	0.034736
1230	0.035734
1231	0.035113
1232	0.036432
1233	0.035833
1234	0.034993
1235	0.035830
1236	0.035951
1237	0.036724
1238	0.036127
1239	0.035697
1240	0.035078
1241	0.036496
1242	0.036485
1243	0.034824
1244	0.035022
1245	0.034330
1246	0.035441
1247	0.034900
1248	0.035395
1249	0.034872
1250	0.034943
1251	0.035041
1252	0.034437
1253	0.035358
1254	0.036362
1255	0.035651
1256	0.037051
1257	0.035429
1258	0.034538
1259	0.035418
1260	0.035027
1261	0.035499
1262	0.036131
1263	0.035732
1264	0.035435
1265	0.035110
1266	0.035551
1267	0.035214
1268	0.034655
1269	0.033640
1270	0.036207
1271	0.036412
1272	0.034989
1273	0.035562
1274	0.035381
1275	0.036550
1276	0.035433
1277	0.035413
1278	0.035212
1279	0.035538
1280	0.035146
1281	0.035664
1282	0.036442
1283	0.035545
1284	0.036524
1285	0.036633
1286	0.035079
1287	0.033919
1288	0.035877
1289	0.035997
1290	0.035074
1291	0.035685
1292	0.036458
1293	0.034330
1294	0.036232
1295	0.036229
1296	0.035787
1297	0.035894
1298	0.035442
1299	0.035333
1300	0.035686
1301	0.035467
1302	0.033725
1303	0.035861
1304	0.036237
1305	0.034885
1306	0.035339
1307	0.035233
1308	0.036113
1309	0.036542
1310	0.035107
1311	0.036250
1312	0.035928
1313	0.036725
1314	0.035271
1315	0.034894
1316	0.036307
1317	0.035048
1318	0.036368
1319	0.036727
1320	0.036322
1321	0.036216
1322	0.035556
1323	0.035423
1324	0.035017
1325	0.036982
1326	0.035028
1327	0.035430
1328	0.035483
1329	0.034904
1330	0.036577
1331	0.035921
1332	0.035700
1333	0.035529
1334	0.034807
1335	0.035470
1336	0.035674
1337	0.035765
1338	0.036015
1339	0.036282
1340	0.035317
1341	0.034975
1342	0.035079
1343	0.034486
1344	0.034677
1345	0.035189
1346	0.034522
1347	0.035013
1348	0.034844
1349	0.034964
1350	0.035583
1351	0.034964
1352	0.034651
1353	0.036306
1354	0.035319
1355	0.034729
1356	0.034669
1357	0.035623
1358	0.035978
1359	0.036050
1360	0.034643
1361	0.034963
1362	0.036296
1363	0.036303
1364	0.035761
1365	0.035709
1366	0.034862
1367	0.036108
1368	0.035294
1369	0.035563
1370	0.035078
1371	0.035707
1372	0.035170
1373	0.036392
1374	0.035301
1375	0.034262
1376	0.036285
1377	0.035835
1378	0.035437
1379	0.035457
1380	0.035111
1381	0.034482
1382	0.035900
1383	0.034741
1384	0.035942
1385	0.035096
1386	0.035338
1387	0.034956
1388	0.034455
1389	0.036256
1390	0.036479
1391	0.035994
1392	0.035676
1393	0.036449
1394	0.034081
1395	0.036318
1396	0.035799
1397	0.034448
1398	0.036367
1399	0.035802
1400	0.035456
1401	0.035415
1402	0.034941
1403	0.035118
1404	0.034659
1405	0.035929
1406	0.036279
1407	0.035486
1408	0.036748
1409	0.034861
1410	0.034095
1411	0.036072
1412	0.035960
1413	0.035837
1414	0.034872
1415	0.035000
1416	0.035690
1417	0.035678
1418	0.034306
1419	0.035446
1420	0.035481
1421	0.035638
1422	0.035348
1423	0.034767
1424	0.036672
1425	0.035749
1426	0.035658
1427	0.035250
1428	0.036173
1429	0.035387
1430	0.034864
1431	0.035649
1432	0.035455
1433	0.036108
1434	0.036200
1435	0.035792
1436	0.034824
1437	0.035198
1438	0.035031
1439	0.035327
1440	0.035390
1441	0.034722
1442	0.034913
1443	0.035530
1444	0.035812
1445	0.035332
1446	0.035580
1447	0.035884
1448	0.035244
1449	0.035114
1450	0.035058
1451	0.035638
1452	0.035831
1453	0.035722
1454	0.034411
1455	0.034943
1456	0.035900
1457	0.036270
1458	0.035909
1459	0.035188
1460	0.035600
1461	0.035643
1462	0.035455
1463	0.036262
1464	0.035464
1465	0.035811
1466	0.035126
1467	0.034557
1468	0.035124
1469	0.035905
1470	0.035312
1471	0.034971
1472	0.034974
1473	0.035991
1474	0.036142
1475	0.035525
1476	0.035598
1477	0.035936
1478	0.035385
1479	0.034885
1480	0.035505
1481	0.034486
1482	0.035622
1483	0.035837
1484	0.035304
1485	0.036186
1486	0.035659
1487	0.035151
1488	0.035393
1489	0.035145
1490	0.034873
1491	0.034801
1492	0.034507
1493	0.035051
1494	0.035100
1495	0.036472
1496	0.035635
1497	0.035337
1498	0.035250
1499	0.035169
1500	0.035464
