Epochs	Loss	
1	0.169982
2	0.166528
3	0.162015
4	0.159771
5	0.156123
6	0.152174
7	0.148694
8	0.144920
9	0.142612
10	0.136668
11	0.133476
12	0.129305
13	0.128096
14	0.122653
15	0.120199
16	0.117846
17	0.114819
18	0.111726
19	0.110371
20	0.107443
21	0.105708
22	0.103149
23	0.100952
24	0.099056
25	0.096896
26	0.095446
27	0.092845
28	0.090059
29	0.089591
30	0.087565
31	0.085733
32	0.084354
33	0.082776
34	0.081313
35	0.080206
36	0.079521
37	0.078032
38	0.077230
39	0.076035
40	0.074841
41	0.074215
42	0.073575
43	0.072428
44	0.073734
45	0.071378
46	0.071356
47	0.069239
48	0.070551
49	0.069306
50	0.068710
51	0.069244
52	0.067804
53	0.066717
54	0.067424
55	0.065948
56	0.065521
57	0.064830
58	0.065027
59	0.065107
60	0.063708
61	0.063943
62	0.063112
63	0.062939
64	0.063009
65	0.062974
66	0.063189
67	0.061726
68	0.062127
69	0.062175
70	0.061489
71	0.061642
72	0.061332
73	0.060782
74	0.060669
75	0.060739
76	0.060525
77	0.059840
78	0.059138
79	0.059689
80	0.059396
81	0.060475
82	0.059372
83	0.059453
84	0.060380
85	0.058803
86	0.058705
87	0.059025
88	0.059109
89	0.058687
90	0.058674
91	0.058556
92	0.058554
93	0.057868
94	0.058560
95	0.058415
96	0.057348
97	0.057526
98	0.058459
99	0.057331
100	0.056722
101	0.057266
102	0.057259
103	0.056771
104	0.057776
105	0.056034
106	0.056563
107	0.056208
108	0.056955
109	0.056439
110	0.055901
111	0.056935
112	0.055729
113	0.056430
114	0.056482
115	0.055755
116	0.056261
117	0.056237
118	0.055659
119	0.055328
120	0.055546
121	0.055342
122	0.055459
123	0.054721
124	0.055871
125	0.055435
126	0.054873
127	0.056756
128	0.054568
129	0.055142
130	0.054924
131	0.054358
132	0.055130
133	0.054920
134	0.055136
135	0.054175
136	0.054200
137	0.055029
138	0.054638
139	0.054091
140	0.053478
141	0.053956
142	0.054492
143	0.053512
144	0.054389
145	0.054148
146	0.053799
147	0.053781
148	0.053387
149	0.053094
150	0.053575
151	0.054048
152	0.054264
153	0.053902
154	0.053653
155	0.053205
156	0.054215
157	0.053255
158	0.053362
159	0.053853
160	0.052415
161	0.053304
162	0.053212
163	0.052378
164	0.053852
165	0.052449
166	0.053143
167	0.053223
168	0.053106
169	0.053117
170	0.052170
171	0.052653
172	0.052757
173	0.051890
174	0.051881
175	0.052516
176	0.052572
177	0.052409
178	0.053054
179	0.053332
180	0.052075
181	0.052518
182	0.052959
183	0.052227
184	0.051793
185	0.051874
186	0.052751
187	0.052272
188	0.052396
189	0.051897
190	0.052457
191	0.052676
192	0.051406
193	0.052016
194	0.052405
195	0.051429
196	0.051465
197	0.051620
198	0.051769
199	0.051361
200	0.050781
201	0.051089
202	0.051559
203	0.051056
204	0.051547
205	0.051847
206	0.050875
207	0.051500
208	0.051650
209	0.051602
210	0.051425
211	0.051446
212	0.050634
213	0.051062
214	0.051304
215	0.051922
216	0.050970
217	0.050818
218	0.051974
219	0.051489
220	0.050914
221	0.050803
222	0.050564
223	0.050420
224	0.050459
225	0.050614
226	0.050621
227	0.050925
228	0.051186
229	0.051365
230	0.050936
231	0.050726
232	0.050578
233	0.050449
234	0.050609
235	0.050773
236	0.050612
237	0.050619
238	0.050349
239	0.051713
240	0.050743
241	0.050621
242	0.050828
243	0.050415
244	0.050702
245	0.051084
246	0.050495
247	0.050520
248	0.050320
249	0.050673
250	0.050199
251	0.049939
252	0.049681
253	0.050684
254	0.049900
255	0.050143
256	0.049830
257	0.049810
258	0.050204
259	0.050255
260	0.050020
261	0.050393
262	0.050571
263	0.050256
264	0.051484
265	0.049830
266	0.048999
267	0.050041
268	0.049512
269	0.049790
270	0.049945
271	0.049772
272	0.050189
273	0.049969
274	0.049220
275	0.050627
276	0.049599
277	0.049722
278	0.049454
279	0.050778
280	0.050534
281	0.049637
282	0.050211
283	0.050087
284	0.049135
285	0.049781
286	0.049626
287	0.049458
288	0.049271
289	0.049716
290	0.049855
291	0.049464
292	0.050659
293	0.049416
294	0.049398
295	0.049648
296	0.049867
297	0.049302
298	0.048913
299	0.049660
300	0.049169
301	0.048926
302	0.049300
303	0.050087
304	0.049047
305	0.049185
306	0.049191
307	0.048722
308	0.048474
309	0.051700
310	0.049426
311	0.048840
312	0.048850
313	0.049312
314	0.049381
315	0.049861
316	0.048717
317	0.049513
318	0.049048
319	0.049488
320	0.049282
321	0.048807
322	0.049549
323	0.049445
324	0.049505
325	0.048982
326	0.048542
327	0.048982
328	0.049447
329	0.049118
330	0.049074
331	0.048356
332	0.049235
333	0.048758
334	0.049218
335	0.048747
336	0.048858
337	0.049236
338	0.048192
339	0.048329
340	0.048287
341	0.048926
342	0.048668
343	0.049044
344	0.048485
345	0.048112
346	0.048792
347	0.048589
348	0.048624
349	0.048809
350	0.048448
351	0.048429
352	0.048861
353	0.048358
354	0.048563
355	0.048808
356	0.048364
357	0.048933
358	0.048156
359	0.048811
360	0.048101
361	0.048333
362	0.048434
363	0.048590
364	0.048363
365	0.048650
366	0.048225
367	0.048504
368	0.048263
369	0.048962
370	0.047580
371	0.048445
372	0.048189
373	0.048881
374	0.048194
375	0.048030
376	0.048495
377	0.049541
378	0.048678
379	0.047413
380	0.048579
381	0.048203
382	0.047891
383	0.048462
384	0.048460
385	0.047721
386	0.048954
387	0.048093
388	0.047927
389	0.048215
390	0.048538
391	0.047933
392	0.048034
393	0.047916
394	0.048959
395	0.048345
396	0.048137
397	0.048477
398	0.048571
399	0.047773
400	0.047686
401	0.048587
402	0.048233
403	0.047785
404	0.048878
405	0.047369
406	0.048238
407	0.048371
408	0.047698
409	0.048701
410	0.048110
411	0.048209
412	0.047972
413	0.048094
414	0.049049
415	0.047654
416	0.048119
417	0.048427
418	0.048151
419	0.047981
420	0.047978
421	0.048634
422	0.047869
423	0.048190
424	0.047796
425	0.047183
426	0.048733
427	0.048300
428	0.047277
429	0.047828
430	0.047599
431	0.048159
432	0.048818
433	0.047708
434	0.048173
435	0.047329
436	0.047681
437	0.047560
438	0.047959
439	0.048041
440	0.047598
441	0.047682
442	0.047445
443	0.047370
444	0.047920
445	0.047509
446	0.047781
447	0.047493
448	0.047851
449	0.047529
450	0.047520
451	0.047806
452	0.047899
453	0.047849
454	0.047920
455	0.048098
456	0.047693
457	0.047441
458	0.047306
459	0.047153
460	0.047737
461	0.047537
462	0.047165
463	0.047803
464	0.047364
465	0.047243
466	0.047756
467	0.047336
468	0.047966
469	0.048370
470	0.047741
471	0.048073
472	0.047950
473	0.046771
474	0.048044
475	0.048040
476	0.047592
477	0.047652
478	0.047666
479	0.047252
480	0.047858
481	0.047049
482	0.047591
483	0.047423
484	0.046394
485	0.046868
486	0.047360
487	0.047481
488	0.047622
489	0.047462
490	0.047265
491	0.047200
492	0.047588
493	0.046931
494	0.047336
495	0.046880
496	0.047221
497	0.047398
498	0.047328
499	0.047203
500	0.047539
501	0.047679
502	0.047458
503	0.047157
504	0.046661
505	0.047159
506	0.047133
507	0.047581
508	0.047514
509	0.047694
510	0.046412
511	0.046131
512	0.047260
513	0.046966
514	0.046748
515	0.048545
516	0.046790
517	0.047503
518	0.047365
519	0.047041
520	0.046385
521	0.046597
522	0.046771
523	0.047157
524	0.047697
525	0.047542
526	0.046757
527	0.046555
528	0.047303
529	0.047671
530	0.047037
531	0.046815
532	0.047331
533	0.047400
534	0.047825
535	0.047319
536	0.047388
537	0.046671
538	0.046804
539	0.046999
540	0.047247
541	0.047196
542	0.047224
543	0.047125
544	0.046540
545	0.046879
546	0.046821
547	0.046633
548	0.047609
549	0.046823
550	0.047212
551	0.046958
552	0.046637
553	0.047523
554	0.047357
555	0.046757
556	0.047092
557	0.046724
558	0.047104
559	0.046495
560	0.047720
561	0.046762
562	0.046979
563	0.046440
564	0.046897
565	0.046493
566	0.047040
567	0.047392
568	0.046880
569	0.046756
570	0.046858
571	0.046751
572	0.047350
573	0.046231
574	0.047216
575	0.047035
576	0.046986
577	0.046669
578	0.046259
579	0.046940
580	0.046766
581	0.046974
582	0.046587
583	0.046833
584	0.048279
585	0.046519
586	0.046680
587	0.046314
588	0.047216
589	0.046141
590	0.047054
591	0.046563
592	0.046761
593	0.045867
594	0.046172
595	0.046374
596	0.046964
597	0.046811
598	0.046760
599	0.046911
600	0.046369
601	0.047096
602	0.046234
603	0.046394
604	0.046721
605	0.045996
606	0.046424
607	0.047371
608	0.046255
609	0.046538
610	0.046558
611	0.046400
612	0.047097
613	0.046347
614	0.046333
615	0.046172
616	0.046569
617	0.046433
618	0.046563
619	0.046930
620	0.046947
621	0.046601
622	0.046791
623	0.046267
624	0.046899
625	0.046610
626	0.047384
627	0.046921
628	0.047639
629	0.046684
630	0.046464
631	0.046005
632	0.046157
633	0.046462
634	0.046264
635	0.046610
636	0.046175
637	0.046686
638	0.046047
639	0.046836
640	0.045788
641	0.045938
642	0.045965
643	0.046311
644	0.046091
645	0.046572
646	0.046483
647	0.046960
648	0.046131
649	0.046006
650	0.046846
651	0.046202
652	0.046401
653	0.045950
654	0.046425
655	0.046490
656	0.045442
657	0.045937
658	0.046066
659	0.046012
660	0.046656
661	0.046041
662	0.046096
663	0.046365
664	0.046224
665	0.045831
666	0.045605
667	0.046187
668	0.045876
669	0.046625
670	0.046664
671	0.046087
672	0.045966
673	0.046014
674	0.046331
675	0.045757
676	0.046990
677	0.046010
678	0.046126
679	0.046379
680	0.046799
681	0.046186
682	0.046686
683	0.045823
684	0.045887
685	0.046464
686	0.045728
687	0.046267
688	0.046329
689	0.046208
690	0.045652
691	0.046013
692	0.046392
693	0.046134
694	0.046442
695	0.045611
696	0.046256
697	0.045705
698	0.046403
699	0.045704
700	0.046006
701	0.045985
702	0.046869
703	0.046326
704	0.046227
705	0.045959
706	0.046134
707	0.046411
708	0.045377
709	0.045900
710	0.045668
711	0.045898
712	0.046048
713	0.046161
714	0.046352
715	0.046186
716	0.046256
717	0.045983
718	0.045415
719	0.046329
720	0.046740
721	0.046495
722	0.045838
723	0.046821
724	0.045957
725	0.047061
726	0.045767
727	0.046423
728	0.045596
729	0.045537
730	0.045552
731	0.045725
732	0.046516
733	0.045882
734	0.046111
735	0.045751
736	0.045292
737	0.045690
738	0.046154
739	0.045038
740	0.046128
741	0.045060
742	0.045763
743	0.045917
744	0.045714
745	0.045669
746	0.046116
747	0.045547
748	0.046187
749	0.045455
750	0.045964
751	0.045869
752	0.045672
753	0.045506
754	0.046380
755	0.046540
756	0.045812
757	0.046429
758	0.045994
759	0.046869
760	0.046107
761	0.046367
762	0.045676
763	0.045560
764	0.046122
765	0.045990
766	0.045821
767	0.046032
768	0.046487
769	0.045274
770	0.045919
771	0.045710
772	0.046452
773	0.045825
774	0.046247
775	0.046122
776	0.046487
777	0.046503
778	0.045870
779	0.046087
780	0.045952
781	0.045707
782	0.045488
783	0.045406
784	0.045464
785	0.045911
786	0.045621
787	0.045057
788	0.045831
789	0.046282
790	0.045555
791	0.046532
792	0.045788
793	0.045402
794	0.045354
795	0.045458
796	0.046510
797	0.045699
798	0.046162
799	0.045549
800	0.045208
801	0.045554
802	0.045599
803	0.045351
804	0.046169
805	0.045490
806	0.046265
807	0.045602
808	0.045609
809	0.045577
810	0.045165
811	0.045089
812	0.045873
813	0.045708
814	0.045703
815	0.045581
816	0.045365
817	0.045873
818	0.046294
819	0.046213
820	0.045968
821	0.046017
822	0.045726
823	0.045662
824	0.045492
825	0.045448
826	0.045824
827	0.045319
828	0.046118
829	0.045884
830	0.045752
831	0.045203
832	0.045863
833	0.045427
834	0.046281
835	0.045938
836	0.044946
837	0.045647
838	0.046019
839	0.045193
840	0.045247
841	0.045395
842	0.045491
843	0.045417
844	0.045926
845	0.045940
846	0.045753
847	0.045228
848	0.045216
849	0.045252
850	0.045965
851	0.045284
852	0.044870
853	0.045171
854	0.046782
855	0.045405
856	0.045715
857	0.045148
858	0.045210
859	0.045554
860	0.045075
861	0.045449
862	0.046121
863	0.045405
864	0.045448
865	0.045573
866	0.045439
867	0.045219
868	0.045235
869	0.045490
870	0.045184
871	0.045052
872	0.045871
873	0.047098
874	0.045477
875	0.046456
876	0.045645
877	0.045657
878	0.045920
879	0.045385
880	0.045724
881	0.044664
882	0.045477
883	0.044995
884	0.045018
885	0.045346
886	0.045308
887	0.045045
888	0.045766
889	0.045426
890	0.044668
891	0.046141
892	0.045368
893	0.045748
894	0.044524
895	0.045413
896	0.044764
897	0.045161
898	0.045865
899	0.045753
900	0.045276
901	0.045223
902	0.045575
903	0.045990
904	0.045545
905	0.045439
906	0.045706
907	0.045847
908	0.044798
909	0.044733
910	0.045072
911	0.044722
912	0.044787
913	0.045372
914	0.045599
915	0.045504
916	0.045762
917	0.045373
918	0.045334
919	0.045140
920	0.045062
921	0.045259
922	0.044640
923	0.045318
924	0.045746
925	0.046193
926	0.045432
927	0.045025
928	0.044974
929	0.045416
930	0.045861
931	0.045611
932	0.045117
933	0.045395
934	0.045487
935	0.044666
936	0.044966
937	0.045511
938	0.045331
939	0.045181
940	0.045166
941	0.045689
942	0.045165
943	0.044659
944	0.045382
945	0.045303
946	0.044890
947	0.045504
948	0.045057
949	0.045646
950	0.045134
951	0.045433
952	0.044859
953	0.045862
954	0.045210
955	0.044886
956	0.045114
957	0.045371
958	0.045386
959	0.045157
960	0.045222
961	0.046195
962	0.045565
963	0.045002
964	0.045360
965	0.045178
966	0.045488
967	0.046197
968	0.044244
969	0.045798
970	0.044481
971	0.045118
972	0.045470
973	0.045212
974	0.044314
975	0.045146
976	0.045377
977	0.044850
978	0.045532
979	0.045163
980	0.045235
981	0.045264
982	0.045307
983	0.044816
984	0.046151
985	0.044713
986	0.044761
987	0.045055
988	0.045265
989	0.045240
990	0.044467
991	0.045846
992	0.045754
993	0.045397
994	0.044969
995	0.045402
996	0.044562
997	0.045267
998	0.044735
999	0.044962
1000	0.045158
1001	0.044253
1002	0.045290
1003	0.044891
1004	0.046194
1005	0.045350
1006	0.045143
1007	0.045290
1008	0.045243
1009	0.044550
1010	0.045033
1011	0.045628
1012	0.045018
1013	0.045052
1014	0.044109
1015	0.045109
1016	0.044788
1017	0.044955
1018	0.044697
1019	0.045988
1020	0.044858
1021	0.045833
1022	0.045301
1023	0.044940
1024	0.044912
1025	0.044969
1026	0.044830
1027	0.044598
1028	0.045173
1029	0.045231
1030	0.044351
1031	0.044820
1032	0.044820
1033	0.045038
1034	0.044614
1035	0.044789
1036	0.045092
1037	0.044929
1038	0.044398
1039	0.044764
1040	0.045002
1041	0.045465
1042	0.045081
1043	0.045025
1044	0.045719
1045	0.044442
1046	0.044383
1047	0.045509
1048	0.045239
1049	0.045189
1050	0.045053
1051	0.045570
1052	0.044596
1053	0.045460
1054	0.044462
1055	0.044757
1056	0.044645
1057	0.045068
1058	0.044925
1059	0.045041
1060	0.044623
1061	0.044924
1062	0.044557
1063	0.044031
1064	0.044721
1065	0.044439
1066	0.044491
1067	0.045112
1068	0.044662
1069	0.044553
1070	0.044805
1071	0.044540
1072	0.046024
1073	0.044955
1074	0.045445
1075	0.045709
1076	0.044868
1077	0.044753
1078	0.044853
1079	0.045610
1080	0.044983
1081	0.045589
1082	0.044676
1083	0.044476
1084	0.045592
1085	0.044458
1086	0.045734
1087	0.044481
1088	0.044768
1089	0.044387
1090	0.044417
1091	0.045032
1092	0.044690
1093	0.045452
1094	0.045096
1095	0.044549
1096	0.044753
1097	0.044581
1098	0.045219
1099	0.044920
1100	0.044940
1101	0.045061
1102	0.045790
1103	0.044847
1104	0.044663
1105	0.044204
1106	0.045022
1107	0.044943
1108	0.044318
1109	0.044221
1110	0.044657
1111	0.044432
1112	0.044284
1113	0.044437
1114	0.045257
1115	0.044331
1116	0.044475
1117	0.044698
1118	0.045119
1119	0.044927
1120	0.045120
1121	0.044671
1122	0.045059
1123	0.044698
1124	0.045359
1125	0.044442
1126	0.044805
1127	0.044734
1128	0.044831
1129	0.044883
1130	0.044867
1131	0.043777
1132	0.044544
1133	0.044675
1134	0.044877
1135	0.044542
1136	0.044778
1137	0.044578
1138	0.044927
1139	0.044692
1140	0.044758
1141	0.044176
1142	0.044231
1143	0.043820
1144	0.044978
1145	0.044607
1146	0.044534
1147	0.044183
1148	0.044784
1149	0.044736
1150	0.044912
1151	0.044833
1152	0.044281
1153	0.044302
1154	0.044679
1155	0.044498
1156	0.044932
1157	0.044866
1158	0.044734
1159	0.044861
1160	0.045092
1161	0.045308
1162	0.044056
1163	0.044353
1164	0.044816
1165	0.044083
1166	0.044450
1167	0.044969
1168	0.044930
1169	0.045368
1170	0.044992
1171	0.044269
1172	0.044342
1173	0.045246
1174	0.044436
1175	0.045035
1176	0.045816
1177	0.044240
1178	0.043762
1179	0.044184
1180	0.044429
1181	0.045192
1182	0.045053
1183	0.044380
1184	0.044278
1185	0.044815
1186	0.044269
1187	0.044920
1188	0.044495
1189	0.045086
1190	0.044463
1191	0.043860
1192	0.044245
1193	0.044631
1194	0.044623
1195	0.045002
1196	0.044567
1197	0.045437
1198	0.044601
1199	0.044758
1200	0.044901
1201	0.044653
1202	0.044727
1203	0.044446
1204	0.044418
1205	0.044441
1206	0.044404
1207	0.044345
1208	0.044400
1209	0.044192
1210	0.044292
1211	0.044678
1212	0.044391
1213	0.045235
1214	0.044770
1215	0.044821
1216	0.044719
1217	0.044796
1218	0.044901
1219	0.044327
1220	0.044038
1221	0.044982
1222	0.044417
1223	0.044323
1224	0.044168
1225	0.045291
1226	0.044797
1227	0.044543
1228	0.044866
1229	0.044084
1230	0.043986
1231	0.043941
1232	0.044829
1233	0.045532
1234	0.044725
1235	0.044231
1236	0.044647
1237	0.044244
1238	0.044126
1239	0.044679
1240	0.044324
1241	0.044295
1242	0.044942
1243	0.044639
1244	0.044642
1245	0.044754
1246	0.043960
1247	0.044430
1248	0.043997
1249	0.044080
1250	0.043746
1251	0.044502
1252	0.043977
1253	0.043963
1254	0.044735
1255	0.043792
1256	0.044652
1257	0.044695
1258	0.044429
1259	0.043807
1260	0.044504
1261	0.044665
1262	0.044177
1263	0.044689
1264	0.044019
1265	0.043785
1266	0.044555
1267	0.044380
1268	0.044621
1269	0.044193
1270	0.044486
1271	0.044255
1272	0.044218
1273	0.044872
1274	0.044668
1275	0.043998
1276	0.044126
1277	0.045101
1278	0.044449
1279	0.044388
1280	0.044796
1281	0.044683
1282	0.044543
1283	0.044131
1284	0.044122
1285	0.043619
1286	0.044641
1287	0.044613
1288	0.044112
1289	0.044159
1290	0.044490
1291	0.044524
1292	0.044165
1293	0.044729
1294	0.044691
1295	0.044018
1296	0.043977
1297	0.045416
1298	0.044307
1299	0.044125
1300	0.044379
1301	0.044297
1302	0.044788
1303	0.044449
1304	0.045412
1305	0.044618
1306	0.044104
1307	0.044853
1308	0.044375
1309	0.044189
1310	0.044291
1311	0.045079
1312	0.044790
1313	0.043860
1314	0.044207
1315	0.044405
1316	0.044150
1317	0.043420
1318	0.043808
1319	0.045391
1320	0.044810
1321	0.044833
1322	0.044409
1323	0.044953
1324	0.044201
1325	0.044672
1326	0.043996
1327	0.044503
1328	0.044477
1329	0.044756
1330	0.044181
1331	0.044321
1332	0.045069
1333	0.044590
1334	0.044476
1335	0.044425
1336	0.044900
1337	0.044607
1338	0.044407
1339	0.043765
1340	0.044866
1341	0.044681
1342	0.044430
1343	0.044565
1344	0.044611
1345	0.043894
1346	0.045361
1347	0.044275
1348	0.044260
1349	0.044242
1350	0.044599
1351	0.043432
1352	0.044675
1353	0.044263
1354	0.043580
1355	0.044408
1356	0.044869
1357	0.044374
1358	0.044007
1359	0.044734
1360	0.043945
1361	0.044826
1362	0.044088
1363	0.044481
1364	0.044830
1365	0.044090
1366	0.044200
1367	0.045032
1368	0.043752
1369	0.043825
1370	0.044932
1371	0.043914
1372	0.044031
1373	0.044120
1374	0.044511
1375	0.044938
1376	0.044652
1377	0.043676
1378	0.044406
1379	0.044159
1380	0.044760
1381	0.044962
1382	0.044354
1383	0.044322
1384	0.044886
1385	0.044311
1386	0.043864
1387	0.044238
1388	0.043817
1389	0.044561
1390	0.044334
1391	0.044242
1392	0.044399
1393	0.044245
1394	0.044367
1395	0.045171
1396	0.044357
1397	0.044064
1398	0.043532
1399	0.044153
1400	0.044871
1401	0.044281
1402	0.044331
1403	0.044016
1404	0.043535
1405	0.044500
1406	0.044344
1407	0.044041
1408	0.044379
1409	0.044054
1410	0.044199
1411	0.044501
1412	0.044846
1413	0.044170
1414	0.044261
1415	0.044603
1416	0.045225
1417	0.044852
1418	0.044095
1419	0.044327
1420	0.043961
1421	0.044290
1422	0.044266
1423	0.045217
1424	0.044536
1425	0.043550
1426	0.044181
1427	0.044668
1428	0.043580
1429	0.044575
1430	0.044277
1431	0.044098
1432	0.043841
1433	0.044714
1434	0.044199
1435	0.044210
1436	0.044473
1437	0.043898
1438	0.044501
1439	0.044315
1440	0.045111
1441	0.044113
1442	0.044226
1443	0.044013
1444	0.044414
1445	0.044196
1446	0.044563
1447	0.044214
1448	0.044599
1449	0.044720
1450	0.043727
1451	0.044114
1452	0.045094
1453	0.044278
1454	0.044649
1455	0.044526
1456	0.043433
1457	0.045160
1458	0.044323
1459	0.044428
1460	0.044010
1461	0.045037
1462	0.044370
1463	0.044443
1464	0.044991
1465	0.044082
1466	0.043214
1467	0.044326
1468	0.044243
1469	0.044204
1470	0.044358
1471	0.043977
1472	0.044966
1473	0.044515
1474	0.045068
1475	0.044392
1476	0.044597
1477	0.044194
1478	0.043912
1479	0.044830
1480	0.045149
1481	0.044711
1482	0.044508
1483	0.044218
1484	0.043705
1485	0.044659
1486	0.044123
1487	0.044575
1488	0.045247
1489	0.043826
1490	0.044198
1491	0.044465
1492	0.043848
1493	0.044120
1494	0.044052
1495	0.044075
1496	0.043807
1497	0.043999
1498	0.044757
1499	0.043875
1500	0.044285
