Epochs	Loss	
1	0.176254
2	0.175558
3	0.174368
4	0.173375
5	0.172141
6	0.171211
7	0.169233
8	0.167456
9	0.166000
10	0.163981
11	0.162237
12	0.160157
13	0.158521
14	0.156869
15	0.154395
16	0.152655
17	0.150151
18	0.147455
19	0.143738
20	0.142444
21	0.140003
22	0.137010
23	0.133295
24	0.131152
25	0.127961
26	0.127041
27	0.123051
28	0.121309
29	0.119065
30	0.116043
31	0.114287
32	0.112136
33	0.111142
34	0.108443
35	0.107422
36	0.105543
37	0.104600
38	0.102575
39	0.101292
40	0.100029
41	0.099504
42	0.098766
43	0.097696
44	0.096140
45	0.095254
46	0.094298
47	0.093506
48	0.093781
49	0.092050
50	0.091866
51	0.091198
52	0.090756
53	0.089818
54	0.089662
55	0.089442
56	0.088594
57	0.088979
58	0.088003
59	0.086920
60	0.086964
61	0.087409
62	0.086913
63	0.086532
64	0.085833
65	0.085831
66	0.085379
67	0.085403
68	0.084837
69	0.084097
70	0.084881
71	0.083844
72	0.084200
73	0.083570
74	0.083703
75	0.083491
76	0.082786
77	0.083005
78	0.082355
79	0.082726
80	0.082065
81	0.082065
82	0.081992
83	0.082421
84	0.081499
85	0.081555
86	0.081482
87	0.081609
88	0.080676
89	0.080681
90	0.081022
91	0.080633
92	0.080834
93	0.080330
94	0.080814
95	0.080168
96	0.080831
97	0.080836
98	0.079540
99	0.079800
100	0.079883
101	0.079156
102	0.079629
103	0.079061
104	0.079066
105	0.078863
106	0.079278
107	0.079008
108	0.079430
109	0.078275
110	0.078487
111	0.079019
112	0.077996
113	0.077842
114	0.078495
115	0.077915
116	0.077903
117	0.077998
118	0.078310
119	0.077687
120	0.077344
121	0.077743
122	0.077466
123	0.077100
124	0.077019
125	0.076624
126	0.077542
127	0.076630
128	0.076555
129	0.077451
130	0.076676
131	0.076625
132	0.076781
133	0.077033
134	0.076859
135	0.076209
136	0.076918
137	0.076428
138	0.075907
139	0.076137
140	0.076153
141	0.075977
142	0.075880
143	0.075486
144	0.075363
145	0.075109
146	0.075679
147	0.075121
148	0.075871
149	0.075584
150	0.075998
151	0.075541
152	0.075367
153	0.075038
154	0.074828
155	0.074713
156	0.074374
157	0.074378
158	0.075326
159	0.074585
160	0.073662
161	0.074686
162	0.074631
163	0.074642
164	0.074400
165	0.073893
166	0.074209
167	0.074091
168	0.073513
169	0.074024
170	0.073710
171	0.073528
172	0.073634
173	0.074122
174	0.073870
175	0.073426
176	0.074201
177	0.073666
178	0.073326
179	0.073171
180	0.073371
181	0.073106
182	0.072938
183	0.073356
184	0.073326
185	0.073504
186	0.072597
187	0.072411
188	0.072367
189	0.073205
190	0.072277
191	0.072871
192	0.072785
193	0.072256
194	0.072559
195	0.072511
196	0.072372
197	0.072004
198	0.072262
199	0.071814
200	0.072708
201	0.072505
202	0.072275
203	0.071977
204	0.070703
205	0.071838
206	0.072100
207	0.072293
208	0.071932
209	0.071429
210	0.071841
211	0.071872
212	0.071278
213	0.070571
214	0.071605
215	0.071399
216	0.071517
217	0.070774
218	0.070771
219	0.071148
220	0.071579
221	0.071218
222	0.070434
223	0.070639
224	0.071187
225	0.070303
226	0.070688
227	0.070574
228	0.070653
229	0.070267
230	0.070367
231	0.070543
232	0.070594
233	0.070646
234	0.070413
235	0.069751
236	0.070296
237	0.069915
238	0.069886
239	0.070687
240	0.070491
241	0.069601
242	0.069807
243	0.070629
244	0.069789
245	0.070340
246	0.069234
247	0.069733
248	0.069645
249	0.069318
250	0.070006
251	0.069397
252	0.069329
253	0.070122
254	0.069216
255	0.069516
256	0.069338
257	0.069651
258	0.070066
259	0.069295
260	0.069280
261	0.069352
262	0.069386
263	0.069215
264	0.068859
265	0.069137
266	0.069381
267	0.068959
268	0.069288
269	0.068939
270	0.068964
271	0.068886
272	0.069491
273	0.068547
274	0.068958
275	0.068313
276	0.068639
277	0.068341
278	0.068660
279	0.068770
280	0.068794
281	0.068791
282	0.068371
283	0.068652
284	0.068241
285	0.069034
286	0.068906
287	0.068747
288	0.068308
289	0.067427
290	0.067936
291	0.068382
292	0.068253
293	0.067555
294	0.067694
295	0.067321
296	0.067662
297	0.067751
298	0.068298
299	0.067907
300	0.067618
301	0.068055
302	0.067614
303	0.067191
304	0.067393
305	0.068193
306	0.068177
307	0.067738
308	0.067141
309	0.067581
310	0.068304
311	0.067736
312	0.067323
313	0.067217
314	0.067685
315	0.067583
316	0.066934
317	0.067623
318	0.066882
319	0.067280
320	0.066742
321	0.067225
322	0.067357
323	0.066769
324	0.066888
325	0.066874
326	0.067510
327	0.066893
328	0.066763
329	0.067024
330	0.066917
331	0.066891
332	0.066743
333	0.066977
334	0.066831
335	0.066905
336	0.066731
337	0.066209
338	0.066942
339	0.066432
340	0.066434
341	0.066746
342	0.066510
343	0.066284
344	0.065967
345	0.066391
346	0.067010
347	0.066199
348	0.066331
349	0.066386
350	0.066541
351	0.066734
352	0.065873
353	0.066700
354	0.066535
355	0.066157
356	0.065652
357	0.066117
358	0.066261
359	0.066493
360	0.065800
361	0.065617
362	0.065828
363	0.066473
364	0.065814
365	0.066307
366	0.065848
367	0.066280
368	0.065481
369	0.066281
370	0.066156
371	0.065780
372	0.065436
373	0.065912
374	0.065821
375	0.065654
376	0.066074
377	0.065720
378	0.065600
379	0.065419
380	0.065804
381	0.065696
382	0.066005
383	0.065919
384	0.065286
385	0.065455
386	0.065137
387	0.065627
388	0.065967
389	0.065704
390	0.065290
391	0.066110
392	0.065635
393	0.065073
394	0.065065
395	0.065783
396	0.065882
397	0.065378
398	0.065341
399	0.065871
400	0.064837
401	0.065000
402	0.065098
403	0.065434
404	0.065276
405	0.064779
406	0.065807
407	0.064781
408	0.065522
409	0.065284
410	0.064609
411	0.065179
412	0.064890
413	0.064133
414	0.064424
415	0.064687
416	0.064844
417	0.064948
418	0.064844
419	0.064489
420	0.065391
421	0.065544
422	0.065054
423	0.065310
424	0.064753
425	0.065005
426	0.065062
427	0.064839
428	0.064724
429	0.064810
430	0.064999
431	0.064194
432	0.064959
433	0.064604
434	0.064955
435	0.064644
436	0.064426
437	0.064732
438	0.064648
439	0.064327
440	0.064864
441	0.064465
442	0.064184
443	0.064168
444	0.064400
445	0.063860
446	0.064438
447	0.064468
448	0.063860
449	0.064313
450	0.064076
451	0.065223
452	0.064345
453	0.064417
454	0.063955
455	0.064382
456	0.064143
457	0.064082
458	0.064553
459	0.063892
460	0.064325
461	0.064348
462	0.064048
463	0.064009
464	0.063719
465	0.063999
466	0.063961
467	0.064433
468	0.064439
469	0.064085
470	0.063910
471	0.063862
472	0.064098
473	0.064296
474	0.063492
475	0.063119
476	0.063584
477	0.064046
478	0.063752
479	0.063532
480	0.063990
481	0.063707
482	0.063854
483	0.063766
484	0.063224
485	0.063813
486	0.063990
487	0.063761
488	0.064354
489	0.063498
490	0.063512
491	0.063126
492	0.063772
493	0.064058
494	0.063759
495	0.063553
496	0.063525
497	0.063458
498	0.063731
499	0.063514
500	0.063836
501	0.063547
502	0.063297
503	0.063309
504	0.064114
505	0.063252
506	0.063607
507	0.063329
508	0.063962
509	0.063287
510	0.063152
511	0.063398
512	0.063336
513	0.063390
514	0.063629
515	0.063035
516	0.062953
517	0.062913
518	0.063812
519	0.063309
520	0.063472
521	0.063043
522	0.063458
523	0.063262
524	0.063349
525	0.063359
526	0.063758
527	0.062954
528	0.063567
529	0.062764
530	0.063238
531	0.063042
532	0.063299
533	0.062608
534	0.062934
535	0.063757
536	0.063112
537	0.062949
538	0.063678
539	0.063582
540	0.063175
541	0.063017
542	0.063244
543	0.063325
544	0.062979
545	0.063012
546	0.062367
547	0.062872
548	0.062982
549	0.062758
550	0.063208
551	0.062943
552	0.062331
553	0.062969
554	0.063827
555	0.062460
556	0.062387
557	0.062250
558	0.062777
559	0.062556
560	0.062545
561	0.063066
562	0.062907
563	0.062721
564	0.062457
565	0.063083
566	0.062845
567	0.062312
568	0.062572
569	0.062850
570	0.062949
571	0.063118
572	0.062192
573	0.062713
574	0.062833
575	0.062562
576	0.062586
577	0.062839
578	0.061954
579	0.062265
580	0.063034
581	0.062996
582	0.062813
583	0.062748
584	0.062476
585	0.062277
586	0.062463
587	0.062244
588	0.062237
589	0.062229
590	0.062347
591	0.062841
592	0.062541
593	0.062245
594	0.062694
595	0.062803
596	0.062793
597	0.062814
598	0.062974
599	0.062287
600	0.062275
601	0.062186
602	0.062502
603	0.061726
604	0.062133
605	0.062872
606	0.062119
607	0.062008
608	0.062245
609	0.062544
610	0.062322
611	0.062076
612	0.062521
613	0.061992
614	0.062109
615	0.062195
616	0.062153
617	0.061826
618	0.062980
619	0.062161
620	0.062267
621	0.061979
622	0.062576
623	0.061978
624	0.062369
625	0.062968
626	0.062049
627	0.061652
628	0.061844
629	0.061827
630	0.061599
631	0.062400
632	0.062405
633	0.061729
634	0.061904
635	0.062252
636	0.061994
637	0.061695
638	0.061768
639	0.061521
640	0.061818
641	0.062252
642	0.061945
643	0.061132
644	0.061938
645	0.061905
646	0.061670
647	0.061217
648	0.062313
649	0.061676
650	0.061572
651	0.061986
652	0.060969
653	0.061194
654	0.062179
655	0.061441
656	0.061586
657	0.061543
658	0.061615
659	0.061634
660	0.061629
661	0.061609
662	0.061274
663	0.061672
664	0.061334
665	0.061844
666	0.061803
667	0.061797
668	0.061300
669	0.061550
670	0.061900
671	0.062057
672	0.061506
673	0.061503
674	0.062020
675	0.061493
676	0.062444
677	0.061354
678	0.061829
679	0.061276
680	0.061820
681	0.061299
682	0.062086
683	0.061366
684	0.061410
685	0.061512
686	0.061463
687	0.061482
688	0.061707
689	0.061426
690	0.061082
691	0.061204
692	0.061491
693	0.061526
694	0.061800
695	0.061520
696	0.061647
697	0.061420
698	0.061797
699	0.061427
700	0.061943
701	0.061623
702	0.061698
703	0.061423
704	0.061109
705	0.061402
706	0.061169
707	0.061168
708	0.061070
709	0.061446
710	0.061736
711	0.061577
712	0.061652
713	0.061418
714	0.061917
715	0.060914
716	0.061337
717	0.060561
718	0.061047
719	0.061462
720	0.061344
721	0.061279
722	0.061828
723	0.061317
724	0.061025
725	0.061286
726	0.061082
727	0.061040
728	0.061302
729	0.061483
730	0.060593
731	0.061251
732	0.060921
733	0.061368
734	0.060939
735	0.061422
736	0.060942
737	0.060895
738	0.060781
739	0.060355
740	0.061165
741	0.060356
742	0.060828
743	0.061459
744	0.060954
745	0.060977
746	0.060742
747	0.060781
748	0.061587
749	0.061137
750	0.060789
751	0.061471
752	0.061383
753	0.060870
754	0.060907
755	0.061580
756	0.061115
757	0.060876
758	0.060794
759	0.061464
760	0.061103
761	0.061129
762	0.061508
763	0.061013
764	0.060909
765	0.061218
766	0.061636
767	0.061008
768	0.061190
769	0.060999
770	0.061039
771	0.060347
772	0.060495
773	0.060910
774	0.061430
775	0.060149
776	0.061005
777	0.060651
778	0.060939
779	0.060874
780	0.060577
781	0.060895
782	0.060677
783	0.060813
784	0.060794
785	0.060710
786	0.060434
787	0.060458
788	0.060715
789	0.061172
790	0.060801
791	0.061100
792	0.060960
793	0.060524
794	0.060739
795	0.061026
796	0.061022
797	0.061239
798	0.060344
799	0.060522
800	0.060552
801	0.060112
802	0.060428
803	0.061183
804	0.060605
805	0.060727
806	0.060918
807	0.060644
808	0.060324
809	0.060462
810	0.060750
811	0.060589
812	0.060778
813	0.061100
814	0.061141
815	0.060225
816	0.061368
817	0.060242
818	0.060421
819	0.060699
820	0.060807
821	0.060433
822	0.060310
823	0.060375
824	0.060716
825	0.060305
826	0.060334
827	0.060646
828	0.060238
829	0.061009
830	0.060290
831	0.060909
832	0.060788
833	0.060371
834	0.060147
835	0.060039
836	0.060177
837	0.060571
838	0.060593
839	0.060593
840	0.060495
841	0.060148
842	0.060800
843	0.060612
844	0.060740
845	0.060713
846	0.060717
847	0.060584
848	0.060302
849	0.060664
850	0.060311
851	0.060548
852	0.060264
853	0.060657
854	0.060690
855	0.059780
856	0.060643
857	0.060610
858	0.060206
859	0.060806
860	0.060383
861	0.060180
862	0.060832
863	0.060204
864	0.059722
865	0.060229
866	0.060567
867	0.060596
868	0.060580
869	0.060489
870	0.060721
871	0.060171
872	0.060205
873	0.060186
874	0.060108
875	0.060205
876	0.059667
877	0.059758
878	0.060355
879	0.060430
880	0.060538
881	0.060476
882	0.060871
883	0.060609
884	0.060292
885	0.060711
886	0.061067
887	0.060432
888	0.060584
889	0.060682
890	0.060475
891	0.060124
892	0.060434
893	0.060755
894	0.060555
895	0.060519
896	0.060219
897	0.059587
898	0.060140
899	0.060503
900	0.060349
901	0.059729
902	0.060006
903	0.059939
904	0.060155
905	0.060345
906	0.059918
907	0.060282
908	0.060274
909	0.060015
910	0.060354
911	0.060293
912	0.059565
913	0.060356
914	0.060065
915	0.060080
916	0.059914
917	0.060673
918	0.059770
919	0.060634
920	0.060094
921	0.059742
922	0.060206
923	0.059656
924	0.059778
925	0.060242
926	0.059521
927	0.059935
928	0.060099
929	0.060413
930	0.059476
931	0.059325
932	0.060074
933	0.060354
934	0.060004
935	0.060191
936	0.059779
937	0.060267
938	0.059551
939	0.060599
940	0.060385
941	0.060220
942	0.059855
943	0.059714
944	0.059640
945	0.060197
946	0.060306
947	0.059864
948	0.060409
949	0.060473
950	0.060331
951	0.059983
952	0.060303
953	0.060395
954	0.060136
955	0.060145
956	0.060022
957	0.059724
958	0.060385
959	0.059905
960	0.060090
961	0.060002
962	0.060227
963	0.059822
964	0.060181
965	0.059777
966	0.060373
967	0.059503
968	0.059619
969	0.059960
970	0.060419
971	0.059617
972	0.059424
973	0.059139
974	0.059494
975	0.060111
976	0.060349
977	0.059418
978	0.060163
979	0.059734
980	0.060266
981	0.059139
982	0.059935
983	0.059246
984	0.059125
985	0.059636
986	0.059765
987	0.059456
988	0.059578
989	0.059614
990	0.060213
991	0.059967
992	0.060166
993	0.059940
994	0.059769
995	0.059867
996	0.060205
997	0.059567
998	0.059257
999	0.059170
1000	0.059972
1001	0.060045
1002	0.059925
1003	0.059499
1004	0.059508
1005	0.059546
1006	0.059561
1007	0.059481
1008	0.060061
1009	0.059764
1010	0.059674
1011	0.060255
1012	0.060084
1013	0.059862
1014	0.059773
1015	0.060046
1016	0.059732
1017	0.059676
1018	0.059913
1019	0.059440
1020	0.060414
1021	0.059810
1022	0.059471
1023	0.059945
1024	0.060093
1025	0.060761
1026	0.059812
1027	0.059542
1028	0.059665
1029	0.059247
1030	0.059775
1031	0.059991
1032	0.059760
1033	0.059569
1034	0.059685
1035	0.059818
1036	0.059215
1037	0.059872
1038	0.059605
1039	0.059698
1040	0.059494
1041	0.059625
1042	0.059656
1043	0.059857
1044	0.059641
1045	0.059781
1046	0.059435
1047	0.059779
1048	0.059648
1049	0.059929
1050	0.059715
1051	0.059550
1052	0.059414
1053	0.059631
1054	0.059856
1055	0.059693
1056	0.060002
1057	0.059973
1058	0.059406
1059	0.059727
1060	0.059398
1061	0.058942
1062	0.059647
1063	0.059456
1064	0.060144
1065	0.059446
1066	0.059564
1067	0.059395
1068	0.059385
1069	0.059334
1070	0.059805
1071	0.059562
1072	0.059484
1073	0.059459
1074	0.058947
1075	0.059586
1076	0.059208
1077	0.060471
1078	0.060156
1079	0.059197
1080	0.059481
1081	0.059293
1082	0.059249
1083	0.059853
1084	0.059615
1085	0.059553
1086	0.059751
1087	0.059645
1088	0.059046
1089	0.059665
1090	0.059655
1091	0.059316
1092	0.059717
1093	0.059900
1094	0.059579
1095	0.059204
1096	0.059896
1097	0.059325
1098	0.059500
1099	0.059227
1100	0.059082
1101	0.058986
1102	0.059508
1103	0.058904
1104	0.059952
1105	0.059216
1106	0.059744
1107	0.058910
1108	0.059246
1109	0.059562
1110	0.059387
1111	0.059435
1112	0.059087
1113	0.059459
1114	0.059328
1115	0.059291
1116	0.059815
1117	0.059306
1118	0.058954
1119	0.059075
1120	0.059179
1121	0.058881
1122	0.059499
1123	0.059408
1124	0.059541
1125	0.059470
1126	0.059360
1127	0.059768
1128	0.058700
1129	0.059197
1130	0.058855
1131	0.060195
1132	0.059971
1133	0.058691
1134	0.058947
1135	0.059405
1136	0.059050
1137	0.059390
1138	0.059558
1139	0.058873
1140	0.059318
1141	0.059103
1142	0.059581
1143	0.059684
1144	0.058357
1145	0.059064
1146	0.059534
1147	0.059405
1148	0.060036
1149	0.059643
1150	0.059643
1151	0.059223
1152	0.059571
1153	0.059315
1154	0.059764
1155	0.058895
1156	0.059762
1157	0.059219
1158	0.059182
1159	0.059057
1160	0.059089
1161	0.059214
1162	0.059094
1163	0.059497
1164	0.059679
1165	0.058686
1166	0.058996
1167	0.059501
1168	0.058665
1169	0.059027
1170	0.059164
1171	0.058948
1172	0.059522
1173	0.059047
1174	0.058861
1175	0.059294
1176	0.059156
1177	0.058695
1178	0.059022
1179	0.058855
1180	0.058869
1181	0.058907
1182	0.058713
1183	0.059411
1184	0.059369
1185	0.058763
1186	0.059675
1187	0.058894
1188	0.058926
1189	0.059051
1190	0.059494
1191	0.058127
1192	0.058650
1193	0.059074
1194	0.059254
1195	0.058942
1196	0.059118
1197	0.059427
1198	0.059540
1199	0.059469
1200	0.058414
1201	0.059655
1202	0.058727
1203	0.058859
1204	0.059052
1205	0.059308
1206	0.059549
1207	0.058983
1208	0.058864
1209	0.059098
1210	0.059023
1211	0.059075
1212	0.059196
1213	0.059127
1214	0.058846
1215	0.059114
1216	0.058865
1217	0.059376
1218	0.059022
1219	0.058658
1220	0.059084
1221	0.058885
1222	0.059121
1223	0.059150
1224	0.058829
1225	0.059117
1226	0.059356
1227	0.058717
1228	0.059154
1229	0.058780
1230	0.058682
1231	0.059391
1232	0.058569
1233	0.059297
1234	0.059040
1235	0.059059
1236	0.058878
1237	0.058957
1238	0.059128
1239	0.058566
1240	0.058597
1241	0.059842
1242	0.059039
1243	0.058716
1244	0.059071
1245	0.059253
1246	0.059541
1247	0.059199
1248	0.058988
1249	0.058752
1250	0.058615
1251	0.058869
1252	0.059216
1253	0.059097
1254	0.058680
1255	0.058517
1256	0.059492
1257	0.058792
1258	0.058378
1259	0.058889
1260	0.059067
1261	0.059235
1262	0.059208
1263	0.059320
1264	0.058880
1265	0.059016
1266	0.058803
1267	0.058377
1268	0.059842
1269	0.058969
1270	0.058415
1271	0.058713
1272	0.059119
1273	0.058961
1274	0.058635
1275	0.059131
1276	0.058477
1277	0.059000
1278	0.059059
1279	0.059477
1280	0.058628
1281	0.059199
1282	0.059330
1283	0.059123
1284	0.059221
1285	0.059462
1286	0.058905
1287	0.058838
1288	0.059152
1289	0.058572
1290	0.058657
1291	0.058950
1292	0.058873
1293	0.059034
1294	0.058818
1295	0.058835
1296	0.058258
1297	0.059237
1298	0.059248
1299	0.058720
1300	0.058944
1301	0.058609
1302	0.059150
1303	0.059110
1304	0.058679
1305	0.058254
1306	0.058985
1307	0.058378
1308	0.059053
1309	0.058861
1310	0.058758
1311	0.058663
1312	0.058959
1313	0.059023
1314	0.058422
1315	0.058592
1316	0.058810
1317	0.058597
1318	0.058296
1319	0.059547
1320	0.058881
1321	0.058737
1322	0.058642
1323	0.058760
1324	0.058620
1325	0.058247
1326	0.058580
1327	0.058613
1328	0.059146
1329	0.058598
1330	0.058819
1331	0.058631
1332	0.058749
1333	0.058723
1334	0.058463
1335	0.058859
1336	0.059034
1337	0.058253
1338	0.058264
1339	0.058381
1340	0.058881
1341	0.058544
1342	0.058332
1343	0.059192
1344	0.058644
1345	0.058232
1346	0.058446
1347	0.058776
1348	0.059453
1349	0.058290
1350	0.058877
1351	0.058602
1352	0.058475
1353	0.058641
1354	0.058482
1355	0.058267
1356	0.058342
1357	0.058549
1358	0.058875
1359	0.058894
1360	0.059107
1361	0.058026
1362	0.058601
1363	0.059500
1364	0.058692
1365	0.058518
1366	0.058859
1367	0.058991
1368	0.058703
1369	0.058518
1370	0.058271
1371	0.058405
1372	0.058273
1373	0.059038
1374	0.058751
1375	0.058071
1376	0.058660
1377	0.058912
1378	0.058834
1379	0.058716
1380	0.058539
1381	0.058719
1382	0.059135
1383	0.058475
1384	0.058194
1385	0.058984
1386	0.058448
1387	0.058828
1388	0.059045
1389	0.059106
1390	0.058689
1391	0.058224
1392	0.058376
1393	0.058314
1394	0.059088
1395	0.059062
1396	0.058453
1397	0.058268
1398	0.058434
1399	0.058713
1400	0.058343
1401	0.058271
1402	0.058810
1403	0.058169
1404	0.059053
1405	0.057929
1406	0.058540
1407	0.058615
1408	0.058354
1409	0.058029
1410	0.058202
1411	0.058050
1412	0.058185
1413	0.058418
1414	0.057921
1415	0.058597
1416	0.058527
1417	0.057981
1418	0.058391
1419	0.058321
1420	0.058434
1421	0.058698
1422	0.058314
1423	0.058601
1424	0.058091
1425	0.058538
1426	0.058733
1427	0.058504
1428	0.058378
1429	0.057949
1430	0.059199
1431	0.058669
1432	0.058336
1433	0.058706
1434	0.058277
1435	0.059109
1436	0.058692
1437	0.058468
1438	0.058103
1439	0.058379
1440	0.058502
1441	0.058766
1442	0.058442
1443	0.059081
1444	0.058677
1445	0.058520
1446	0.058573
1447	0.058325
1448	0.058860
1449	0.058469
1450	0.058279
1451	0.058054
1452	0.058186
1453	0.058270
1454	0.058270
1455	0.058821
1456	0.058840
1457	0.058296
1458	0.058212
1459	0.058643
1460	0.058736
1461	0.058069
1462	0.059069
1463	0.058598
1464	0.058050
1465	0.058399
1466	0.058382
1467	0.058014
1468	0.058716
1469	0.058157
1470	0.058914
1471	0.058075
1472	0.058341
1473	0.058219
1474	0.058450
1475	0.058455
1476	0.058793
1477	0.058444
1478	0.058946
1479	0.058194
1480	0.058253
1481	0.057875
1482	0.058319
1483	0.058969
1484	0.058384
1485	0.058720
1486	0.058913
1487	0.058797
1488	0.058315
1489	0.058070
1490	0.058908
1491	0.058304
1492	0.058862
1493	0.058056
1494	0.058556
1495	0.058343
1496	0.058541
1497	0.058809
1498	0.058523
1499	0.058379
1500	0.057993
