Epochs	Loss	
1	0.183589
2	0.183529
3	0.183861
4	0.181123
5	0.181291
6	0.178290
7	0.178172
8	0.175456
9	0.174472
10	0.173806
11	0.167940
12	0.167779
13	0.165590
14	0.164307
15	0.160630
16	0.160138
17	0.156345
18	0.154820
19	0.152811
20	0.151187
21	0.150499
22	0.145157
23	0.142990
24	0.142690
25	0.140249
26	0.138665
27	0.135533
28	0.134110
29	0.130274
30	0.129291
31	0.126848
32	0.124433
33	0.123250
34	0.120342
35	0.119591
36	0.117212
37	0.114822
38	0.113105
39	0.113158
40	0.109509
41	0.109166
42	0.106860
43	0.104313
44	0.104006
45	0.104227
46	0.100859
47	0.099865
48	0.099207
49	0.098592
50	0.096428
51	0.095273
52	0.095093
53	0.094730
54	0.093568
55	0.091006
56	0.092431
57	0.090324
58	0.089788
59	0.089123
60	0.089350
61	0.087828
62	0.087903
63	0.086667
64	0.086599
65	0.086092
66	0.085496
67	0.084640
68	0.084818
69	0.085166
70	0.083843
71	0.084720
72	0.083276
73	0.082075
74	0.081661
75	0.083229
76	0.082697
77	0.082419
78	0.082181
79	0.080861
80	0.080042
81	0.079452
82	0.080188
83	0.079249
84	0.079051
85	0.080187
86	0.079183
87	0.078804
88	0.078342
89	0.078216
90	0.079108
91	0.077552
92	0.077246
93	0.077251
94	0.076954
95	0.077269
96	0.077210
97	0.077223
98	0.078076
99	0.075947
100	0.075437
101	0.076363
102	0.076803
103	0.075345
104	0.075123
105	0.074482
106	0.075409
107	0.074459
108	0.075090
109	0.074990
110	0.074161
111	0.073454
112	0.074548
113	0.073534
114	0.073822
115	0.074015
116	0.075427
117	0.073965
118	0.073427
119	0.074672
120	0.072548
121	0.074375
122	0.072643
123	0.073954
124	0.072595
125	0.072432
126	0.071535
127	0.072427
128	0.072203
129	0.072070
130	0.071661
131	0.072418
132	0.071818
133	0.072275
134	0.070481
135	0.071442
136	0.071423
137	0.071624
138	0.070884
139	0.071856
140	0.070848
141	0.072025
142	0.070868
143	0.071038
144	0.070918
145	0.071369
146	0.071345
147	0.069609
148	0.070775
149	0.069398
150	0.070584
151	0.070382
152	0.070419
153	0.070240
154	0.070428
155	0.069585
156	0.069208
157	0.068257
158	0.068876
159	0.068292
160	0.069082
161	0.069483
162	0.069004
163	0.069384
164	0.070516
165	0.069858
166	0.067978
167	0.069111
168	0.069099
169	0.069060
170	0.068169
171	0.068174
172	0.068192
173	0.068744
174	0.068031
175	0.069238
176	0.068372
177	0.067738
178	0.068083
179	0.069286
180	0.068502
181	0.068317
182	0.067400
183	0.069342
184	0.068374
185	0.067898
186	0.067567
187	0.066969
188	0.067126
189	0.068339
190	0.067849
191	0.068146
192	0.067267
193	0.066453
194	0.067849
195	0.067686
196	0.067687
197	0.067966
198	0.066844
199	0.066504
200	0.069206
201	0.067512
202	0.067359
203	0.066955
204	0.067692
205	0.067124
206	0.067190
207	0.066931
208	0.066372
209	0.066879
210	0.067531
211	0.067125
212	0.065818
213	0.065720
214	0.066519
215	0.066939
216	0.066623
217	0.066218
218	0.067037
219	0.065582
220	0.066010
221	0.066080
222	0.066258
223	0.065260
224	0.065971
225	0.066127
226	0.066117
227	0.065980
228	0.065557
229	0.065987
230	0.065511
231	0.065965
232	0.064825
233	0.066286
234	0.065639
235	0.065074
236	0.064876
237	0.064409
238	0.065960
239	0.065450
240	0.065021
241	0.065471
242	0.064925
243	0.064801
244	0.064432
245	0.065993
246	0.064780
247	0.064984
248	0.064839
249	0.064602
250	0.065027
251	0.063886
252	0.066787
253	0.063822
254	0.064495
255	0.064381
256	0.064389
257	0.066235
258	0.065629
259	0.063686
260	0.064448
261	0.063853
262	0.063822
263	0.065605
264	0.065181
265	0.064692
266	0.064106
267	0.064348
268	0.064651
269	0.064248
270	0.063974
271	0.063825
272	0.064637
273	0.063391
274	0.063950
275	0.063727
276	0.063836
277	0.063604
278	0.063526
279	0.063841
280	0.064369
281	0.063876
282	0.062992
283	0.064926
284	0.063371
285	0.063431
286	0.063883
287	0.062894
288	0.064192
289	0.063574
290	0.062838
291	0.063497
292	0.063102
293	0.063939
294	0.062321
295	0.063984
296	0.064087
297	0.064458
298	0.062881
299	0.063697
300	0.063478
301	0.063843
302	0.062130
303	0.063342
304	0.063441
305	0.063094
306	0.062941
307	0.062770
308	0.062631
309	0.062705
310	0.062714
311	0.062189
312	0.061937
313	0.062110
314	0.062022
315	0.062270
316	0.062515
317	0.063649
318	0.062243
319	0.062238
320	0.062469
321	0.063367
322	0.061049
323	0.062730
324	0.063463
325	0.062595
326	0.061547
327	0.062622
328	0.061546
329	0.061940
330	0.064174
331	0.063470
332	0.062795
333	0.063237
334	0.062217
335	0.062583
336	0.061724
337	0.062512
338	0.062922
339	0.062418
340	0.060813
341	0.061208
342	0.061756
343	0.061608
344	0.062589
345	0.061889
346	0.061022
347	0.061895
348	0.061581
349	0.061883
350	0.061674
351	0.061755
352	0.061782
353	0.061305
354	0.060884
355	0.062748
356	0.060882
357	0.061729
358	0.061153
359	0.061330
360	0.060847
361	0.061869
362	0.061580
363	0.061804
364	0.060712
365	0.062185
366	0.061412
367	0.062497
368	0.063063
369	0.061203
370	0.062580
371	0.062148
372	0.061557
373	0.061434
374	0.060558
375	0.061381
376	0.061506
377	0.061395
378	0.062156
379	0.061692
380	0.060706
381	0.061311
382	0.061589
383	0.060766
384	0.060486
385	0.060377
386	0.060714
387	0.060358
388	0.060953
389	0.060797
390	0.061059
391	0.060226
392	0.061484
393	0.060827
394	0.060297
395	0.060465
396	0.060917
397	0.061373
398	0.060887
399	0.060841
400	0.059965
401	0.059309
402	0.060730
403	0.061230
404	0.059887
405	0.060057
406	0.059539
407	0.059510
408	0.060293
409	0.060675
410	0.061758
411	0.060080
412	0.059925
413	0.060510
414	0.060373
415	0.060602
416	0.059943
417	0.059665
418	0.060384
419	0.059852
420	0.061109
421	0.060112
422	0.060158
423	0.060635
424	0.060269
425	0.060337
426	0.060129
427	0.059979
428	0.060659
429	0.060343
430	0.059836
431	0.060648
432	0.060102
433	0.059560
434	0.059378
435	0.060474
436	0.059595
437	0.060333
438	0.059292
439	0.059521
440	0.060359
441	0.059446
442	0.060766
443	0.060357
444	0.058799
445	0.059630
446	0.059946
447	0.059481
448	0.059125
449	0.059692
450	0.059656
451	0.059168
452	0.060767
453	0.060563
454	0.058729
455	0.059316
456	0.060314
457	0.060229
458	0.058947
459	0.058933
460	0.059927
461	0.059164
462	0.060323
463	0.059736
464	0.059609
465	0.059660
466	0.059083
467	0.060292
468	0.059911
469	0.060024
470	0.060271
471	0.059503
472	0.059560
473	0.058373
474	0.060402
475	0.059474
476	0.058996
477	0.058520
478	0.059943
479	0.059282
480	0.059242
481	0.058925
482	0.058877
483	0.058447
484	0.058423
485	0.059277
486	0.058925
487	0.060419
488	0.059694
489	0.059834
490	0.058864
491	0.059300
492	0.058579
493	0.059860
494	0.059626
495	0.058803
496	0.058047
497	0.058487
498	0.059803
499	0.058281
500	0.059225
501	0.060238
502	0.058535
503	0.058015
504	0.058897
505	0.059421
506	0.058247
507	0.058111
508	0.058860
509	0.058619
510	0.057960
511	0.059895
512	0.058207
513	0.058096
514	0.058428
515	0.058646
516	0.058805
517	0.059118
518	0.058715
519	0.058630
520	0.058551
521	0.059075
522	0.058170
523	0.058480
524	0.058299
525	0.058326
526	0.059242
527	0.058739
528	0.058081
529	0.059065
530	0.058645
531	0.059347
532	0.058584
533	0.058378
534	0.059371
535	0.059084
536	0.057986
537	0.059030
538	0.058384
539	0.058491
540	0.059249
541	0.058677
542	0.058775
543	0.058163
544	0.057775
545	0.058813
546	0.057755
547	0.058560
548	0.059038
549	0.057946
550	0.057909
551	0.057893
552	0.058496
553	0.057891
554	0.058262
555	0.058333
556	0.058136
557	0.057745
558	0.058596
559	0.057346
560	0.058825
561	0.057067
562	0.058555
563	0.058902
564	0.056924
565	0.058850
566	0.057298
567	0.056953
568	0.058641
569	0.057888
570	0.057668
571	0.057383
572	0.057454
573	0.057434
574	0.057382
575	0.057314
576	0.057448
577	0.057122
578	0.058941
579	0.058125
580	0.057581
581	0.056814
582	0.058318
583	0.058242
584	0.057260
585	0.058273
586	0.058314
587	0.057550
588	0.057766
589	0.058692
590	0.057968
591	0.058261
592	0.057376
593	0.057322
594	0.057658
595	0.057715
596	0.057276
597	0.056892
598	0.058346
599	0.057227
600	0.058149
601	0.056558
602	0.058495
603	0.057294
604	0.057133
605	0.057048
606	0.057552
607	0.056808
608	0.057049
609	0.057445
610	0.057790
611	0.056891
612	0.057568
613	0.056992
614	0.057042
615	0.057519
616	0.057260
617	0.057113
618	0.058723
619	0.057035
620	0.056245
621	0.056751
622	0.058930
623	0.056992
624	0.057481
625	0.056373
626	0.057503
627	0.056829
628	0.057866
629	0.056700
630	0.057825
631	0.058613
632	0.056633
633	0.056474
634	0.056831
635	0.057892
636	0.057518
637	0.057463
638	0.057521
639	0.057728
640	0.056581
641	0.057164
642	0.057218
643	0.057194
644	0.057385
645	0.058428
646	0.057186
647	0.056813
648	0.057624
649	0.057174
650	0.057460
651	0.056840
652	0.056494
653	0.057312
654	0.057741
655	0.059193
656	0.056841
657	0.056737
658	0.057071
659	0.056901
660	0.057018
661	0.057288
662	0.057946
663	0.058230
664	0.055644
665	0.057623
666	0.056321
667	0.057114
668	0.056997
669	0.057276
670	0.056997
671	0.056498
672	0.057173
673	0.057379
674	0.057309
675	0.057135
676	0.057395
677	0.056857
678	0.056524
679	0.056438
680	0.056712
681	0.055922
682	0.057178
683	0.055568
684	0.057433
685	0.056032
686	0.056265
687	0.056477
688	0.056969
689	0.056780
690	0.057309
691	0.055885
692	0.056488
693	0.056619
694	0.055911
695	0.057719
696	0.055988
697	0.056976
698	0.056593
699	0.055559
700	0.056109
701	0.056544
702	0.055868
703	0.056760
704	0.056103
705	0.055746
706	0.057048
707	0.057245
708	0.057784
709	0.056895
710	0.056859
711	0.056583
712	0.055459
713	0.057197
714	0.056275
715	0.055875
716	0.057543
717	0.056841
718	0.056691
719	0.055253
720	0.056818
721	0.056991
722	0.056315
723	0.056769
724	0.056155
725	0.056064
726	0.055640
727	0.055524
728	0.057274
729	0.056499
730	0.056373
731	0.057057
732	0.055994
733	0.057472
734	0.055437
735	0.056467
736	0.057458
737	0.055542
738	0.056196
739	0.056317
740	0.056429
741	0.057597
742	0.055746
743	0.056836
744	0.055083
745	0.056112
746	0.057093
747	0.055986
748	0.057704
749	0.055869
750	0.055614
751	0.056573
752	0.056368
753	0.056090
754	0.055854
755	0.056818
756	0.056664
757	0.056022
758	0.057200
759	0.055757
760	0.056813
761	0.055620
762	0.056115
763	0.056404
764	0.056636
765	0.055777
766	0.055529
767	0.054762
768	0.055963
769	0.055946
770	0.056147
771	0.055638
772	0.055809
773	0.056591
774	0.056916
775	0.055085
776	0.055342
777	0.055719
778	0.055674
779	0.056288
780	0.054948
781	0.056850
782	0.055810
783	0.055615
784	0.055438
785	0.056213
786	0.055809
787	0.056229
788	0.055507
789	0.055423
790	0.056154
791	0.055180
792	0.055722
793	0.055457
794	0.055689
795	0.055910
796	0.055494
797	0.054930
798	0.056166
799	0.056192
800	0.055438
801	0.056202
802	0.055586
803	0.056005
804	0.056198
805	0.056065
806	0.056580
807	0.055749
808	0.055798
809	0.055628
810	0.055412
811	0.055140
812	0.054795
813	0.056579
814	0.055649
815	0.056097
816	0.055276
817	0.055536
818	0.055300
819	0.055441
820	0.055253
821	0.056023
822	0.055862
823	0.055918
824	0.054971
825	0.055852
826	0.055959
827	0.056030
828	0.055343
829	0.056693
830	0.055572
831	0.055825
832	0.054528
833	0.055288
834	0.055870
835	0.055411
836	0.055870
837	0.055754
838	0.054214
839	0.055348
840	0.055387
841	0.055348
842	0.055402
843	0.056224
844	0.056194
845	0.054592
846	0.055676
847	0.056519
848	0.055123
849	0.055103
850	0.054571
851	0.054963
852	0.056371
853	0.055295
854	0.055642
855	0.056051
856	0.055519
857	0.055332
858	0.054800
859	0.055217
860	0.055605
861	0.055510
862	0.056059
863	0.054610
864	0.055066
865	0.055353
866	0.054949
867	0.055082
868	0.055169
869	0.054630
870	0.054731
871	0.054982
872	0.055701
873	0.054839
874	0.055090
875	0.054699
876	0.054849
877	0.054858
878	0.055931
879	0.055579
880	0.055596
881	0.053870
882	0.054443
883	0.055426
884	0.054042
885	0.054528
886	0.055501
887	0.055261
888	0.055723
889	0.054404
890	0.055122
891	0.055250
892	0.056580
893	0.054520
894	0.054484
895	0.054792
896	0.055821
897	0.054925
898	0.054896
899	0.054782
900	0.055062
901	0.055078
902	0.056155
903	0.054715
904	0.055389
905	0.054461
906	0.054482
907	0.055414
908	0.054094
909	0.055268
910	0.054915
911	0.055837
912	0.055174
913	0.054275
914	0.056127
915	0.055537
916	0.054744
917	0.056278
918	0.055475
919	0.055414
920	0.054317
921	0.055195
922	0.056401
923	0.055318
924	0.055661
925	0.054823
926	0.055625
927	0.054707
928	0.055875
929	0.054350
930	0.055252
931	0.054830
932	0.054745
933	0.055588
934	0.054916
935	0.056020
936	0.055067
937	0.054512
938	0.055527
939	0.055011
940	0.054459
941	0.055077
942	0.055114
943	0.054713
944	0.054460
945	0.055148
946	0.054113
947	0.054969
948	0.054381
949	0.055099
950	0.055078
951	0.055370
952	0.054894
953	0.054712
954	0.055261
955	0.053977
956	0.054304
957	0.053846
958	0.054199
959	0.054744
960	0.055070
961	0.055642
962	0.055275
963	0.055272
964	0.054915
965	0.055070
966	0.055407
967	0.055783
968	0.054745
969	0.054755
970	0.055002
971	0.054292
972	0.055199
973	0.054583
974	0.054547
975	0.054376
976	0.054767
977	0.055630
978	0.054561
979	0.055738
980	0.054573
981	0.055767
982	0.054512
983	0.054565
984	0.055396
985	0.054633
986	0.054088
987	0.053777
988	0.055437
989	0.055174
990	0.054212
991	0.054485
992	0.054682
993	0.055200
994	0.054617
995	0.055029
996	0.054989
997	0.054591
998	0.054583
999	0.054704
1000	0.054217
1001	0.053929
1002	0.053928
1003	0.055517
1004	0.054354
1005	0.053903
1006	0.053908
1007	0.055020
1008	0.054316
1009	0.054168
1010	0.054995
1011	0.054188
1012	0.055202
1013	0.055331
1014	0.056043
1015	0.054589
1016	0.054181
1017	0.054406
1018	0.054731
1019	0.055010
1020	0.055691
1021	0.055919
1022	0.054613
1023	0.055082
1024	0.054242
1025	0.054469
1026	0.055157
1027	0.054784
1028	0.054659
1029	0.054146
1030	0.054167
1031	0.054770
1032	0.054234
1033	0.054759
1034	0.055493
1035	0.053891
1036	0.053677
1037	0.053824
1038	0.054395
1039	0.054380
1040	0.053709
1041	0.053446
1042	0.053845
1043	0.055182
1044	0.053814
1045	0.054610
1046	0.054927
1047	0.055109
1048	0.054447
1049	0.055109
1050	0.054974
1051	0.055204
1052	0.054565
1053	0.054097
1054	0.055240
1055	0.054863
1056	0.053863
1057	0.056238
1058	0.055305
1059	0.053812
1060	0.054743
1061	0.054483
1062	0.054359
1063	0.054120
1064	0.054438
1065	0.055665
1066	0.054333
1067	0.054711
1068	0.055635
1069	0.054882
1070	0.054708
1071	0.054813
1072	0.054967
1073	0.054416
1074	0.053808
1075	0.055010
1076	0.055231
1077	0.053432
1078	0.054835
1079	0.054560
1080	0.054166
1081	0.054692
1082	0.054118
1083	0.054128
1084	0.054046
1085	0.053358
1086	0.054578
1087	0.054225
1088	0.053948
1089	0.054208
1090	0.053822
1091	0.054393
1092	0.053290
1093	0.055634
1094	0.053457
1095	0.054531
1096	0.054367
1097	0.054549
1098	0.054145
1099	0.054559
1100	0.055201
1101	0.054827
1102	0.053911
1103	0.054936
1104	0.054677
1105	0.054397
1106	0.054467
1107	0.053932
1108	0.054652
1109	0.053858
1110	0.054733
1111	0.054487
1112	0.054477
1113	0.053878
1114	0.054850
1115	0.053871
1116	0.053771
1117	0.054824
1118	0.054179
1119	0.053254
1120	0.054283
1121	0.054255
1122	0.054900
1123	0.054490
1124	0.054247
1125	0.055970
1126	0.054635
1127	0.055000
1128	0.054109
1129	0.054482
1130	0.054706
1131	0.053878
1132	0.054293
1133	0.053595
1134	0.053798
1135	0.055156
1136	0.053979
1137	0.053949
1138	0.054488
1139	0.054691
1140	0.054373
1141	0.053690
1142	0.055473
1143	0.053394
1144	0.053147
1145	0.054679
1146	0.053373
1147	0.053379
1148	0.053193
1149	0.052626
1150	0.053783
1151	0.054596
1152	0.054638
1153	0.054733
1154	0.053731
1155	0.053024
1156	0.053700
1157	0.054248
1158	0.054323
1159	0.054442
1160	0.053612
1161	0.053329
1162	0.053391
1163	0.055065
1164	0.054394
1165	0.054708
1166	0.053963
1167	0.053275
1168	0.053341
1169	0.054537
1170	0.053969
1171	0.055215
1172	0.054077
1173	0.053448
1174	0.054516
1175	0.055260
1176	0.054811
1177	0.054085
1178	0.053349
1179	0.054075
1180	0.054079
1181	0.054171
1182	0.053407
1183	0.053219
1184	0.054329
1185	0.053408
1186	0.053928
1187	0.053719
1188	0.054082
1189	0.053550
1190	0.054433
1191	0.053340
1192	0.053219
1193	0.054200
1194	0.053008
1195	0.053863
1196	0.053538
1197	0.053454
1198	0.053993
1199	0.053857
1200	0.053674
1201	0.053520
1202	0.054119
1203	0.053573
1204	0.053147
1205	0.053335
1206	0.054383
1207	0.054332
1208	0.054162
1209	0.054410
1210	0.054706
1211	0.053371
1212	0.054117
1213	0.052909
1214	0.053881
1215	0.054017
1216	0.053850
1217	0.054894
1218	0.053661
1219	0.053500
1220	0.054142
1221	0.053524
1222	0.054142
1223	0.053269
1224	0.054036
1225	0.053924
1226	0.054205
1227	0.052968
1228	0.053822
1229	0.053838
1230	0.053554
1231	0.052970
1232	0.053603
1233	0.054188
1234	0.054656
1235	0.053403
1236	0.054123
1237	0.054499
1238	0.055213
1239	0.054037
1240	0.054228
1241	0.053062
1242	0.053473
1243	0.053795
1244	0.054938
1245	0.053545
1246	0.053965
1247	0.053665
1248	0.054937
1249	0.053352
1250	0.054172
1251	0.053388
1252	0.054458
1253	0.052839
1254	0.053939
1255	0.053508
1256	0.052451
1257	0.054284
1258	0.054214
1259	0.053300
1260	0.053524
1261	0.053901
1262	0.053891
1263	0.053772
1264	0.053683
1265	0.053501
1266	0.053328
1267	0.054693
1268	0.054906
1269	0.054323
1270	0.053707
1271	0.054471
1272	0.054220
1273	0.052908
1274	0.054401
1275	0.053435
1276	0.054239
1277	0.053622
1278	0.053449
1279	0.054173
1280	0.054360
1281	0.053046
1282	0.053187
1283	0.052815
1284	0.053821
1285	0.053364
1286	0.053749
1287	0.054014
1288	0.053872
1289	0.052729
1290	0.052939
1291	0.053767
1292	0.053531
1293	0.053270
1294	0.053525
1295	0.053789
1296	0.054523
1297	0.053084
1298	0.054452
1299	0.053840
1300	0.053488
1301	0.055349
1302	0.054383
1303	0.053393
1304	0.053846
1305	0.053305
1306	0.054103
1307	0.053869
1308	0.053536
1309	0.053581
1310	0.053811
1311	0.053482
1312	0.053139
1313	0.053437
1314	0.052640
1315	0.053416
1316	0.054766
1317	0.054290
1318	0.053272
1319	0.053845
1320	0.053650
1321	0.054044
1322	0.052674
1323	0.052411
1324	0.054988
1325	0.053368
1326	0.054434
1327	0.053298
1328	0.052642
1329	0.052453
1330	0.054025
1331	0.053617
1332	0.053077
1333	0.053901
1334	0.053587
1335	0.053674
1336	0.054324
1337	0.053808
1338	0.053534
1339	0.053383
1340	0.053680
1341	0.053338
1342	0.054112
1343	0.052934
1344	0.052935
1345	0.052801
1346	0.052924
1347	0.054050
1348	0.053288
1349	0.053237
1350	0.053641
1351	0.053041
1352	0.053071
1353	0.053668
1354	0.054006
1355	0.053670
1356	0.054143
1357	0.053894
1358	0.053571
1359	0.053036
1360	0.053700
1361	0.052866
1362	0.053165
1363	0.053032
1364	0.053617
1365	0.053270
1366	0.053699
1367	0.052906
1368	0.053994
1369	0.052950
1370	0.054061
1371	0.053822
1372	0.054243
1373	0.053382
1374	0.053228
1375	0.053359
1376	0.053382
1377	0.053063
1378	0.052387
1379	0.053569
1380	0.053014
1381	0.053129
1382	0.053266
1383	0.052675
1384	0.051809
1385	0.054595
1386	0.054030
1387	0.052542
1388	0.054495
1389	0.054135
1390	0.053132
1391	0.052913
1392	0.054526
1393	0.053545
1394	0.052787
1395	0.054335
1396	0.052326
1397	0.054364
1398	0.054124
1399	0.053747
1400	0.053504
1401	0.053971
1402	0.052720
1403	0.054035
1404	0.053442
1405	0.052883
1406	0.054022
1407	0.052815
1408	0.053036
1409	0.052479
1410	0.053570
1411	0.053578
1412	0.053462
1413	0.053853
1414	0.053073
1415	0.052569
1416	0.053209
1417	0.053947
1418	0.052549
1419	0.053362
1420	0.052946
1421	0.054217
1422	0.053357
1423	0.054511
1424	0.052655
1425	0.054155
1426	0.053259
1427	0.052703
1428	0.053804
1429	0.053159
1430	0.053913
1431	0.053568
1432	0.052898
1433	0.053366
1434	0.053613
1435	0.052528
1436	0.053599
1437	0.053716
1438	0.052999
1439	0.052895
1440	0.053694
1441	0.052812
1442	0.053058
1443	0.052878
1444	0.052904
1445	0.052112
1446	0.053687
1447	0.053832
1448	0.052455
1449	0.053413
1450	0.053440
1451	0.053239
1452	0.054121
1453	0.052799
1454	0.052379
1455	0.053745
1456	0.053217
1457	0.052916
1458	0.053157
1459	0.053684
1460	0.053826
1461	0.053224
1462	0.052757
1463	0.052969
1464	0.052802
1465	0.053112
1466	0.053665
1467	0.053714
1468	0.052995
1469	0.053248
1470	0.052680
1471	0.053990
1472	0.052942
1473	0.053164
1474	0.053178
1475	0.052417
1476	0.052947
1477	0.053693
1478	0.053028
1479	0.052713
1480	0.053132
1481	0.053298
1482	0.052186
1483	0.052584
1484	0.053448
1485	0.053810
1486	0.053761
1487	0.052062
1488	0.054283
1489	0.053343
1490	0.052836
1491	0.053819
1492	0.053719
1493	0.052913
1494	0.052781
1495	0.053891
1496	0.054053
1497	0.053166
1498	0.053941
1499	0.052657
1500	0.052250
