Epochs	Loss	
1	0.297062
2	0.296050
3	0.289437
4	0.284385
5	0.279621
6	0.273903
7	0.267001
8	0.260217
9	0.252441
10	0.244911
11	0.238146
12	0.230247
13	0.222487
14	0.213432
15	0.203913
16	0.195819
17	0.187608
18	0.179272
19	0.171168
20	0.161282
21	0.152018
22	0.144161
23	0.135559
24	0.126754
25	0.119109
26	0.112366
27	0.106863
28	0.102113
29	0.098275
30	0.094339
31	0.092058
32	0.088797
33	0.087199
34	0.084901
35	0.083589
36	0.081318
37	0.080239
38	0.079139
39	0.078513
40	0.077171
41	0.076024
42	0.075434
43	0.074319
44	0.073818
45	0.073431
46	0.072536
47	0.071870
48	0.072385
49	0.071466
50	0.071194
51	0.070410
52	0.069952
53	0.069738
54	0.069692
55	0.068941
56	0.068263
57	0.068250
58	0.068188
59	0.068279
60	0.067532
61	0.066842
62	0.066649
63	0.066260
64	0.067374
65	0.066645
66	0.065878
67	0.065771
68	0.065475
69	0.065215
70	0.064323
71	0.064704
72	0.064496
73	0.063938
74	0.064157
75	0.063854
76	0.063753
77	0.063369
78	0.063314
79	0.062966
80	0.062693
81	0.063230
82	0.062636
83	0.062589
84	0.062531
85	0.062319
86	0.061655
87	0.061912
88	0.061475
89	0.061083
90	0.060854
91	0.061028
92	0.060552
93	0.060480
94	0.060590
95	0.060032
96	0.059964
97	0.059447
98	0.059669
99	0.059782
100	0.059272
101	0.058963
102	0.059218
103	0.058388
104	0.058566
105	0.058399
106	0.058601
107	0.058154
108	0.058051
109	0.057976
110	0.057938
111	0.057794
112	0.057177
113	0.057346
114	0.057079
115	0.057131
116	0.056775
117	0.056425
118	0.056805
119	0.056935
120	0.056621
121	0.056315
122	0.056303
123	0.055792
124	0.055807
125	0.056217
126	0.055303
127	0.056002
128	0.054903
129	0.055119
130	0.055155
131	0.055034
132	0.054824
133	0.054383
134	0.055130
135	0.054332
136	0.054671
137	0.053941
138	0.053849
139	0.053920
140	0.053888
141	0.053561
142	0.053350
143	0.053889
144	0.053446
145	0.053279
146	0.053530
147	0.052730
148	0.052786
149	0.052641
150	0.052926
151	0.052701
152	0.052210
153	0.052299
154	0.052769
155	0.052742
156	0.052101
157	0.051882
158	0.051748
159	0.051800
160	0.051600
161	0.051504
162	0.051530
163	0.051462
164	0.050960
165	0.051188
166	0.050671
167	0.050846
168	0.050954
169	0.050615
170	0.050442
171	0.050719
172	0.050116
173	0.049917
174	0.050223
175	0.049787
176	0.049834
177	0.050021
178	0.049803
179	0.049649
180	0.049537
181	0.049794
182	0.049243
183	0.048997
184	0.049240
185	0.048707
186	0.048791
187	0.048232
188	0.048570
189	0.048497
190	0.048039
191	0.048694
192	0.047950
193	0.048799
194	0.048050
195	0.048044
196	0.047963
197	0.047670
198	0.047478
199	0.047439
200	0.047444
201	0.047257
202	0.047065
203	0.047171
204	0.047429
205	0.047217
206	0.047164
207	0.047100
208	0.046948
209	0.046547
210	0.046649
211	0.046096
212	0.046523
213	0.046121
214	0.046684
215	0.046167
216	0.046356
217	0.045706
218	0.045516
219	0.046288
220	0.045617
221	0.045987
222	0.045963
223	0.045626
224	0.045511
225	0.045850
226	0.045228
227	0.045248
228	0.045017
229	0.045014
230	0.044992
231	0.045164
232	0.044920
233	0.044350
234	0.044517
235	0.044728
236	0.044346
237	0.044374
238	0.044457
239	0.044704
240	0.044408
241	0.044400
242	0.043867
243	0.044010
244	0.044090
245	0.044703
246	0.043806
247	0.043666
248	0.043737
249	0.044338
250	0.043784
251	0.043188
252	0.043279
253	0.043248
254	0.043409
255	0.043290
256	0.043162
257	0.043231
258	0.043068
259	0.042861
260	0.042850
261	0.043082
262	0.043471
263	0.042669
264	0.042801
265	0.042581
266	0.042596
267	0.042862
268	0.043218
269	0.042942
270	0.042912
271	0.042381
272	0.042288
273	0.042486
274	0.043144
275	0.042803
276	0.042386
277	0.042293
278	0.042287
279	0.041953
280	0.042204
281	0.042050
282	0.042104
283	0.042094
284	0.042644
285	0.042228
286	0.041640
287	0.041934
288	0.042549
289	0.042135
290	0.041437
291	0.041925
292	0.041736
293	0.041797
294	0.041645
295	0.041280
296	0.041401
297	0.040955
298	0.041498
299	0.041377
300	0.041349
301	0.041807
302	0.041028
303	0.041131
304	0.041630
305	0.041359
306	0.041867
307	0.041431
308	0.041293
309	0.040974
310	0.041356
311	0.041395
312	0.041234
313	0.040980
314	0.041092
315	0.040786
316	0.040798
317	0.040808
318	0.040957
319	0.040997
320	0.040897
321	0.040585
322	0.040617
323	0.040941
324	0.040785
325	0.040919
326	0.041123
327	0.040952
328	0.040473
329	0.040541
330	0.041003
331	0.040923
332	0.040949
333	0.040947
334	0.040207
335	0.040515
336	0.040778
337	0.041230
338	0.040563
339	0.040873
340	0.040658
341	0.040837
342	0.040551
343	0.040753
344	0.040586
345	0.040322
346	0.040440
347	0.040257
348	0.040781
349	0.040685
350	0.040561
351	0.040427
352	0.040306
353	0.040346
354	0.040286
355	0.040409
356	0.040319
357	0.040381
358	0.040300
359	0.039848
360	0.040546
361	0.039985
362	0.040556
363	0.040041
364	0.040026
365	0.040078
366	0.040594
367	0.040358
368	0.039909
369	0.039703
370	0.040074
371	0.039801
372	0.040354
373	0.040359
374	0.040099
375	0.040123
376	0.040198
377	0.040026
378	0.039964
379	0.040476
380	0.040013
381	0.040297
382	0.040147
383	0.040564
384	0.040429
385	0.040000
386	0.040501
387	0.040720
388	0.040182
389	0.039628
390	0.040079
391	0.040008
392	0.040167
393	0.040092
394	0.039649
395	0.039826
396	0.039669
397	0.040112
398	0.039817
399	0.039637
400	0.040411
401	0.040187
402	0.039795
403	0.039812
404	0.039869
405	0.039582
406	0.040206
407	0.039652
408	0.039885
409	0.039678
410	0.039762
411	0.039721
412	0.039732
413	0.039360
414	0.040095
415	0.039548
416	0.039681
417	0.039988
418	0.039504
419	0.039400
420	0.039750
421	0.039998
422	0.040010
423	0.039411
424	0.039402
425	0.039853
426	0.039484
427	0.039448
428	0.039482
429	0.039596
430	0.039475
431	0.039412
432	0.039375
433	0.039830
434	0.039768
435	0.039694
436	0.040046
437	0.039297
438	0.039622
439	0.039184
440	0.039707
441	0.039684
442	0.039308
443	0.039683
444	0.039357
445	0.039659
446	0.039574
447	0.039491
448	0.039839
449	0.039638
450	0.039330
451	0.039478
452	0.039326
453	0.039672
454	0.039272
455	0.039921
456	0.039325
457	0.039338
458	0.039360
459	0.039308
460	0.039317
461	0.039664
462	0.039128
463	0.039449
464	0.039517
465	0.039471
466	0.039472
467	0.039037
468	0.039658
469	0.039542
470	0.039433
471	0.039679
472	0.039006
473	0.039260
474	0.038929
475	0.039489
476	0.039451
477	0.039122
478	0.039265
479	0.039271
480	0.039470
481	0.039015
482	0.039102
483	0.038987
484	0.038938
485	0.039349
486	0.038937
487	0.038648
488	0.039029
489	0.039471
490	0.039220
491	0.039372
492	0.039196
493	0.039089
494	0.039288
495	0.039123
496	0.038890
497	0.039174
498	0.038891
499	0.039255
500	0.039297
501	0.038900
502	0.039303
503	0.039171
504	0.038682
505	0.039049
506	0.039142
507	0.039212
508	0.038891
509	0.039059
510	0.038708
511	0.038795
512	0.039491
513	0.038733
514	0.039149
515	0.038982
516	0.038867
517	0.038811
518	0.039008
519	0.038774
520	0.038803
521	0.038709
522	0.038861
523	0.038816
524	0.039168
525	0.038729
526	0.038925
527	0.039360
528	0.038993
529	0.039360
530	0.039119
531	0.038859
532	0.038604
533	0.038891
534	0.039252
535	0.038437
536	0.038883
537	0.039279
538	0.038741
539	0.039008
540	0.039120
541	0.038587
542	0.038591
543	0.038886
544	0.038798
545	0.038738
546	0.039124
547	0.038543
548	0.038788
549	0.038760
550	0.038704
551	0.038891
552	0.039081
553	0.038701
554	0.039349
555	0.038573
556	0.038879
557	0.038703
558	0.038711
559	0.039255
560	0.039089
561	0.039249
562	0.038324
563	0.038440
564	0.039182
565	0.039692
566	0.038956
567	0.039250
568	0.039018
569	0.038840
570	0.039136
571	0.038639
572	0.038834
573	0.039013
574	0.038731
575	0.039016
576	0.038862
577	0.038552
578	0.039063
579	0.039063
580	0.038677
581	0.038690
582	0.038738
583	0.038702
584	0.038585
585	0.038326
586	0.038822
587	0.039041
588	0.038476
589	0.038301
590	0.038555
591	0.038404
592	0.038180
593	0.038619
594	0.038210
595	0.038500
596	0.038373
597	0.038728
598	0.038853
599	0.039051
600	0.038499
601	0.038748
602	0.038580
603	0.038607
604	0.038210
605	0.038320
606	0.038377
607	0.038400
608	0.038455
609	0.038249
610	0.038407
611	0.038495
612	0.039120
613	0.038376
614	0.038806
615	0.038336
616	0.038104
617	0.038581
618	0.038887
619	0.038933
620	0.038517
621	0.038357
622	0.038250
623	0.038720
624	0.038307
625	0.038216
626	0.038079
627	0.038369
628	0.038429
629	0.038850
630	0.038778
631	0.038347
632	0.039144
633	0.038443
634	0.038192
635	0.037965
636	0.038145
637	0.038544
638	0.038267
639	0.038179
640	0.038508
641	0.038594
642	0.038420
643	0.038564
644	0.038092
645	0.038543
646	0.038369
647	0.038039
648	0.038184
649	0.038661
650	0.038325
651	0.038499
652	0.038818
653	0.038364
654	0.038611
655	0.038444
656	0.038001
657	0.038283
658	0.038915
659	0.038602
660	0.038588
661	0.038650
662	0.038457
663	0.037990
664	0.038309
665	0.038255
666	0.038355
667	0.037937
668	0.038363
669	0.038384
670	0.038434
671	0.038176
672	0.038370
673	0.038126
674	0.038073
675	0.038529
676	0.038332
677	0.038008
678	0.038904
679	0.037733
680	0.038389
681	0.038061
682	0.038257
683	0.038600
684	0.038652
685	0.038104
686	0.038080
687	0.038062
688	0.038155
689	0.038428
690	0.038303
691	0.038169
692	0.038159
693	0.038247
694	0.038296
695	0.038414
696	0.038120
697	0.038139
698	0.038029
699	0.038379
700	0.037974
701	0.037840
702	0.037911
703	0.038350
704	0.038192
705	0.038164
706	0.038647
707	0.038392
708	0.038215
709	0.038448
710	0.038215
711	0.038291
712	0.038097
713	0.037929
714	0.038478
715	0.038328
716	0.038637
717	0.037847
718	0.038962
719	0.037841
720	0.038364
721	0.038397
722	0.038260
723	0.038436
724	0.038402
725	0.037902
726	0.038435
727	0.038124
728	0.037651
729	0.038000
730	0.037655
731	0.038222
732	0.037928
733	0.038370
734	0.038531
735	0.037939
736	0.038266
737	0.038289
738	0.038142
739	0.038020
740	0.038103
741	0.038086
742	0.038224
743	0.037960
744	0.037784
745	0.037929
746	0.037745
747	0.038163
748	0.038379
749	0.038757
750	0.037834
751	0.038004
752	0.037957
753	0.037773
754	0.037824
755	0.037742
756	0.037895
757	0.038088
758	0.038243
759	0.038291
760	0.038075
761	0.038465
762	0.037913
763	0.037875
764	0.037765
765	0.037935
766	0.038201
767	0.038075
768	0.037839
769	0.038431
770	0.037942
771	0.037898
772	0.038096
773	0.037953
774	0.037608
775	0.037811
776	0.037837
777	0.037737
778	0.037984
779	0.037953
780	0.038120
781	0.037719
782	0.038119
783	0.037831
784	0.037704
785	0.037817
786	0.037434
787	0.038099
788	0.037741
789	0.037539
790	0.037695
791	0.037880
792	0.037943
793	0.037753
794	0.038253
795	0.037735
796	0.038133
797	0.038003
798	0.037836
799	0.038016
800	0.038172
801	0.037437
802	0.038220
803	0.037716
804	0.037582
805	0.038091
806	0.038111
807	0.037688
808	0.038084
809	0.037937
810	0.037836
811	0.037700
812	0.038131
813	0.037726
814	0.037904
815	0.037975
816	0.038328
817	0.038003
818	0.038598
819	0.037654
820	0.038079
821	0.037735
822	0.037995
823	0.037980
824	0.037571
825	0.037876
826	0.037867
827	0.037653
828	0.037759
829	0.037885
830	0.037492
831	0.038399
832	0.037907
833	0.038085
834	0.037768
835	0.037714
836	0.037587
837	0.037566
838	0.038056
839	0.037906
840	0.037681
841	0.038240
842	0.037950
843	0.037708
844	0.038157
845	0.037931
846	0.037719
847	0.037588
848	0.037532
849	0.037873
850	0.037683
851	0.037963
852	0.037655
853	0.037556
854	0.037595
855	0.038127
856	0.037714
857	0.038057
858	0.037799
859	0.037457
860	0.037307
861	0.037769
862	0.037709
863	0.038178
864	0.038001
865	0.038155
866	0.037683
867	0.038093
868	0.037593
869	0.038147
870	0.037647
871	0.038028
872	0.037959
873	0.038264
874	0.037907
875	0.038121
876	0.038028
877	0.038096
878	0.037748
879	0.037625
880	0.037827
881	0.037792
882	0.037371
883	0.037957
884	0.037433
885	0.037551
886	0.037315
887	0.037417
888	0.037790
889	0.037439
890	0.037955
891	0.037910
892	0.037434
893	0.037728
894	0.037615
895	0.037896
896	0.037396
897	0.037833
898	0.038144
899	0.038014
900	0.037984
901	0.037780
902	0.037600
903	0.037805
904	0.037548
905	0.038050
906	0.037495
907	0.037525
908	0.037781
909	0.037732
910	0.038093
911	0.037469
912	0.038049
913	0.037732
914	0.037314
915	0.037596
916	0.037738
917	0.037669
918	0.037687
919	0.037748
920	0.037888
921	0.037309
922	0.037801
923	0.037966
924	0.037283
925	0.037571
926	0.037961
927	0.037748
928	0.037841
929	0.038495
930	0.037293
931	0.037825
932	0.037700
933	0.037480
934	0.037415
935	0.037757
936	0.037466
937	0.037590
938	0.037881
939	0.037530
940	0.037379
941	0.037612
942	0.037796
943	0.037608
944	0.037980
945	0.038063
946	0.037881
947	0.037481
948	0.037405
949	0.037486
950	0.037713
951	0.037783
952	0.037558
953	0.037628
954	0.037408
955	0.037506
956	0.037390
957	0.037653
958	0.037633
959	0.037447
960	0.037578
961	0.037510
962	0.037440
963	0.037914
964	0.038136
965	0.038087
966	0.037366
967	0.037268
968	0.037671
969	0.038090
970	0.037639
971	0.037416
972	0.037482
973	0.037689
974	0.037389
975	0.037255
976	0.038144
977	0.037635
978	0.037810
979	0.037780
980	0.037552
981	0.038037
982	0.037175
983	0.037452
984	0.037452
985	0.037850
986	0.037904
987	0.037442
988	0.037519
989	0.037479
990	0.037449
991	0.037668
992	0.037884
993	0.037720
994	0.037883
995	0.037540
996	0.037256
997	0.037785
998	0.037435
999	0.037464
1000	0.037592
1001	0.037780
1002	0.038378
1003	0.037642
1004	0.037684
1005	0.037044
1006	0.037401
1007	0.037714
1008	0.037397
1009	0.037587
1010	0.037467
1011	0.037401
1012	0.037305
1013	0.037387
1014	0.037438
1015	0.037772
1016	0.037687
1017	0.037487
1018	0.037941
1019	0.037561
1020	0.037731
1021	0.037959
1022	0.037434
1023	0.037477
1024	0.037167
1025	0.037266
1026	0.037413
1027	0.037406
1028	0.037957
1029	0.037194
1030	0.037457
1031	0.037927
1032	0.037351
1033	0.037675
1034	0.037285
1035	0.037218
1036	0.037571
1037	0.037148
1038	0.037330
1039	0.037850
1040	0.037336
1041	0.037325
1042	0.037209
1043	0.037174
1044	0.037767
1045	0.037219
1046	0.037811
1047	0.037879
1048	0.037461
1049	0.037734
1050	0.037709
1051	0.037270
1052	0.037090
1053	0.037359
1054	0.037383
1055	0.037107
1056	0.037155
1057	0.037461
1058	0.037249
1059	0.037475
1060	0.038135
1061	0.037490
1062	0.037480
1063	0.037516
1064	0.037243
1065	0.037076
1066	0.037362
1067	0.037536
1068	0.037290
1069	0.037183
1070	0.037395
1071	0.037569
1072	0.037386
1073	0.037394
1074	0.037629
1075	0.037549
1076	0.037214
1077	0.038047
1078	0.037441
1079	0.037197
1080	0.037436
1081	0.037301
1082	0.037374
1083	0.037400
1084	0.037966
1085	0.037485
1086	0.037190
1087	0.037331
1088	0.037686
1089	0.037790
1090	0.037594
1091	0.037369
1092	0.037556
1093	0.037519
1094	0.037227
1095	0.037577
1096	0.037386
1097	0.037221
1098	0.037216
1099	0.037205
1100	0.037281
1101	0.037218
1102	0.037644
1103	0.037408
1104	0.037307
1105	0.037312
1106	0.037283
1107	0.037318
1108	0.036914
1109	0.037232
1110	0.037709
1111	0.037512
1112	0.037387
1113	0.037439
1114	0.037185
1115	0.037867
1116	0.037160
1117	0.037148
1118	0.037182
1119	0.037616
1120	0.037056
1121	0.037747
1122	0.037559
1123	0.037547
1124	0.037131
1125	0.037378
1126	0.037611
1127	0.037117
1128	0.037504
1129	0.037652
1130	0.037888
1131	0.036954
1132	0.037116
1133	0.037641
1134	0.037338
1135	0.037289
1136	0.037494
1137	0.037135
1138	0.037665
1139	0.037455
1140	0.037275
1141	0.037380
1142	0.037274
1143	0.037109
1144	0.037234
1145	0.037120
1146	0.037019
1147	0.037243
1148	0.037092
1149	0.037605
1150	0.037546
1151	0.037386
1152	0.037509
1153	0.037424
1154	0.037255
1155	0.037195
1156	0.037580
1157	0.037572
1158	0.037210
1159	0.036950
1160	0.037078
1161	0.037129
1162	0.037576
1163	0.037259
1164	0.037033
1165	0.037166
1166	0.037609
1167	0.036873
1168	0.037081
1169	0.037457
1170	0.037031
1171	0.037070
1172	0.037238
1173	0.037077
1174	0.037398
1175	0.036815
1176	0.037403
1177	0.037478
1178	0.036905
1179	0.037311
1180	0.037324
1181	0.037014
1182	0.037429
1183	0.037145
1184	0.036798
1185	0.037235
1186	0.037305
1187	0.037136
1188	0.037019
1189	0.037010
1190	0.037488
1191	0.036950
1192	0.036969
1193	0.037298
1194	0.037417
1195	0.037643
1196	0.037495
1197	0.037129
1198	0.037142
1199	0.036973
1200	0.036845
1201	0.037375
1202	0.036986
1203	0.037092
1204	0.037626
1205	0.037347
1206	0.037369
1207	0.036935
1208	0.037494
1209	0.037360
1210	0.037080
1211	0.036943
1212	0.037424
1213	0.037363
1214	0.037165
1215	0.037381
1216	0.037266
1217	0.037537
1218	0.037087
1219	0.037301
1220	0.037202
1221	0.037226
1222	0.037330
1223	0.037079
1224	0.037024
1225	0.037120
1226	0.037296
1227	0.036667
1228	0.037334
1229	0.037185
1230	0.036977
1231	0.037158
1232	0.036925
1233	0.037201
1234	0.037280
1235	0.036936
1236	0.036889
1237	0.037166
1238	0.037708
1239	0.037043
1240	0.036985
1241	0.037564
1242	0.037146
1243	0.037277
1244	0.036880
1245	0.037246
1246	0.036913
1247	0.037038
1248	0.037505
1249	0.037248
1250	0.037140
1251	0.037008
1252	0.037096
1253	0.036943
1254	0.037237
1255	0.036976
1256	0.037043
1257	0.037184
1258	0.036915
1259	0.037020
1260	0.037276
1261	0.036851
1262	0.037123
1263	0.036723
1264	0.036966
1265	0.037424
1266	0.037458
1267	0.036796
1268	0.037446
1269	0.037292
1270	0.036921
1271	0.037212
1272	0.037513
1273	0.037215
1274	0.037441
1275	0.037305
1276	0.036906
1277	0.037896
1278	0.037253
1279	0.036817
1280	0.037121
1281	0.036938
1282	0.037036
1283	0.037033
1284	0.037089
1285	0.036900
1286	0.037257
1287	0.037663
1288	0.036960
1289	0.037047
1290	0.037133
1291	0.037137
1292	0.036848
1293	0.037077
1294	0.037005
1295	0.037051
1296	0.037055
1297	0.037136
1298	0.037138
1299	0.037395
1300	0.037181
1301	0.037456
1302	0.037508
1303	0.036896
1304	0.036976
1305	0.036921
1306	0.036978
1307	0.037249
1308	0.037301
1309	0.036599
1310	0.037021
1311	0.036793
1312	0.037393
1313	0.036526
1314	0.037023
1315	0.037060
1316	0.037022
1317	0.037129
1318	0.037211
1319	0.036891
1320	0.037313
1321	0.037015
1322	0.037202
1323	0.037751
1324	0.037531
1325	0.037355
1326	0.037089
1327	0.037688
1328	0.036952
1329	0.037251
1330	0.036664
1331	0.036825
1332	0.036835
1333	0.036845
1334	0.036672
1335	0.036994
1336	0.037361
1337	0.037340
1338	0.037426
1339	0.036891
1340	0.037066
1341	0.036766
1342	0.037290
1343	0.036726
1344	0.037089
1345	0.037072
1346	0.036861
1347	0.036979
1348	0.037025
1349	0.037387
1350	0.036926
1351	0.036951
1352	0.036918
1353	0.037047
1354	0.036912
1355	0.036612
1356	0.037140
1357	0.036915
1358	0.037261
1359	0.037007
1360	0.036920
1361	0.037164
1362	0.037028
1363	0.036917
1364	0.036929
1365	0.036980
1366	0.036758
1367	0.036845
1368	0.036891
1369	0.036850
1370	0.037149
1371	0.036819
1372	0.036797
1373	0.036962
1374	0.037207
1375	0.037314
1376	0.037039
1377	0.036983
1378	0.037293
1379	0.037228
1380	0.036752
1381	0.036807
1382	0.037726
1383	0.036956
1384	0.037246
1385	0.037465
1386	0.037173
1387	0.036743
1388	0.037278
1389	0.037066
1390	0.036999
1391	0.036919
1392	0.036953
1393	0.037350
1394	0.037313
1395	0.037686
1396	0.037289
1397	0.037447
1398	0.037010
1399	0.037054
1400	0.037020
1401	0.037193
1402	0.036806
1403	0.036969
1404	0.036759
1405	0.037504
1406	0.036926
1407	0.037119
1408	0.036905
1409	0.036930
1410	0.036641
1411	0.036831
1412	0.036878
1413	0.037512
1414	0.036820
1415	0.037202
1416	0.036903
1417	0.036977
1418	0.036812
1419	0.037054
1420	0.036867
1421	0.036778
1422	0.037296
1423	0.036943
1424	0.037219
1425	0.037376
1426	0.037106
1427	0.037108
1428	0.036726
1429	0.037285
1430	0.037414
1431	0.036519
1432	0.037065
1433	0.037000
1434	0.037425
1435	0.037317
1436	0.037101
1437	0.037418
1438	0.036983
1439	0.037006
1440	0.037062
1441	0.036691
1442	0.037168
1443	0.037317
1444	0.036696
1445	0.036837
1446	0.037156
1447	0.036769
1448	0.036918
1449	0.037399
1450	0.036993
1451	0.036646
1452	0.036846
1453	0.037288
1454	0.036962
1455	0.036839
1456	0.036954
1457	0.037043
1458	0.037139
1459	0.036859
1460	0.036765
1461	0.037035
1462	0.036757
1463	0.036911
1464	0.036857
1465	0.036825
1466	0.037167
1467	0.037012
1468	0.036664
1469	0.037298
1470	0.036973
1471	0.037059
1472	0.036774
1473	0.037496
1474	0.036695
1475	0.037496
1476	0.036618
1477	0.036791
1478	0.037054
1479	0.036617
1480	0.037054
1481	0.037389
1482	0.036950
1483	0.037020
1484	0.037269
1485	0.036815
1486	0.037010
1487	0.036870
1488	0.037087
1489	0.036728
1490	0.036785
1491	0.037212
1492	0.036761
1493	0.036936
1494	0.037106
1495	0.037064
1496	0.036775
1497	0.037147
1498	0.037277
1499	0.036811
1500	0.037788
