Epochs	Loss	
1	0.068117
2	0.066430
3	0.064264
4	0.062509
5	0.061547
6	0.060749
7	0.059468
8	0.059067
9	0.059572
10	0.059141
11	0.059501
12	0.056501
13	0.056162
14	0.058852
15	0.055645
16	0.055050
17	0.053282
18	0.053847
19	0.055961
20	0.053286
21	0.053143
22	0.053659
23	0.053059
24	0.054146
25	0.051864
26	0.051447
27	0.051825
28	0.052051
29	0.051892
30	0.051208
31	0.051843
32	0.049837
33	0.050796
34	0.049094
35	0.050493
36	0.051036
37	0.050311
38	0.049550
39	0.049549
40	0.049173
41	0.049459
42	0.049480
43	0.049420
44	0.048733
45	0.048036
46	0.048825
47	0.049419
48	0.050879
49	0.048967
50	0.049893
51	0.047555
52	0.047828
53	0.048967
54	0.048234
55	0.047391
56	0.048276
57	0.047722
58	0.046727
59	0.047980
60	0.048580
61	0.048391
62	0.047280
63	0.047741
64	0.047019
65	0.047115
66	0.047684
67	0.046305
68	0.047728
69	0.047563
70	0.047371
71	0.047550
72	0.046951
73	0.047101
74	0.046106
75	0.047025
76	0.047357
77	0.046853
78	0.047528
79	0.047073
80	0.047310
81	0.046339
82	0.047338
83	0.045736
84	0.046218
85	0.046645
86	0.046743
87	0.047124
88	0.046335
89	0.046397
90	0.047039
91	0.047555
92	0.045798
93	0.046126
94	0.046207
95	0.047486
96	0.047285
97	0.046956
98	0.047043
99	0.046453
100	0.046286
101	0.046401
102	0.047139
103	0.046367
104	0.046723
105	0.046895
106	0.046193
107	0.046164
108	0.045982
109	0.045154
110	0.045772
111	0.046460
112	0.046705
113	0.044979
114	0.046921
115	0.046108
116	0.046899
117	0.046047
118	0.045707
119	0.046793
120	0.045374
121	0.046509
122	0.045874
123	0.045475
124	0.045511
125	0.046221
126	0.045631
127	0.045678
128	0.046462
129	0.044717
130	0.046435
131	0.044821
132	0.045844
133	0.046411
134	0.044646
135	0.044942
136	0.045678
137	0.047256
138	0.045507
139	0.045901
140	0.044570
141	0.046094
142	0.044603
143	0.044483
144	0.045234
145	0.046645
146	0.044879
147	0.044813
148	0.044577
149	0.043813
150	0.046385
151	0.045188
152	0.044935
153	0.045511
154	0.045170
155	0.044967
156	0.044356
157	0.045523
158	0.045194
159	0.045660
160	0.044833
161	0.044845
162	0.043894
163	0.044279
164	0.045518
165	0.045530
166	0.044270
167	0.044952
168	0.043733
169	0.044167
170	0.044047
171	0.045723
172	0.044730
173	0.044291
174	0.046219
175	0.044904
176	0.043355
177	0.044954
178	0.044642
179	0.044905
180	0.044251
181	0.044339
182	0.044073
183	0.045481
184	0.044361
185	0.043589
186	0.044368
187	0.043468
188	0.045455
189	0.043818
190	0.044918
191	0.044327
192	0.044909
193	0.045470
194	0.045329
195	0.046086
196	0.044906
197	0.044633
198	0.043852
199	0.042960
200	0.044463
201	0.043072
202	0.045501
203	0.043544
204	0.044228
205	0.044068
206	0.044409
207	0.044301
208	0.044787
209	0.044579
210	0.043635
211	0.044157
212	0.043942
213	0.044128
214	0.045151
215	0.042758
216	0.042889
217	0.044672
218	0.045053
219	0.045244
220	0.044210
221	0.043399
222	0.045258
223	0.044686
224	0.046135
225	0.046117
226	0.043669
227	0.044182
228	0.044424
229	0.045123
230	0.045215
231	0.043464
232	0.044247
233	0.043861
234	0.043530
235	0.044812
236	0.044050
237	0.046910
238	0.044516
239	0.044270
240	0.044340
241	0.045162
242	0.043561
243	0.043666
244	0.043360
245	0.044030
246	0.044624
247	0.043360
248	0.043694
249	0.044067
250	0.044268
251	0.043778
252	0.043963
253	0.044083
254	0.042834
255	0.043416
256	0.043828
257	0.044969
258	0.042905
259	0.044462
260	0.043935
261	0.045255
262	0.043331
263	0.045183
264	0.043709
265	0.043309
266	0.043919
267	0.043485
268	0.043618
269	0.043022
270	0.044077
271	0.044297
272	0.044994
273	0.043900
274	0.044236
275	0.043760
276	0.044167
277	0.044966
278	0.044801
279	0.042986
280	0.044300
281	0.044729
282	0.044465
283	0.044264
284	0.044268
285	0.044020
286	0.043245
287	0.043575
288	0.042887
289	0.043439
290	0.043774
291	0.043573
292	0.044021
293	0.042821
294	0.044283
295	0.043909
296	0.043585
297	0.044214
298	0.043199
299	0.042567
300	0.043679
301	0.045311
302	0.043771
303	0.043700
304	0.043314
305	0.044779
306	0.043799
307	0.043137
308	0.043923
309	0.043582
310	0.043980
311	0.044619
312	0.043335
313	0.046266
314	0.043573
315	0.043511
316	0.043569
317	0.042980
318	0.043959
319	0.045111
320	0.044394
321	0.042167
322	0.043068
323	0.044474
324	0.043802
325	0.043584
326	0.044140
327	0.043402
328	0.043788
329	0.044004
330	0.043088
331	0.043583
332	0.043477
333	0.043854
334	0.043611
335	0.043542
336	0.043984
337	0.043638
338	0.043362
339	0.044275
340	0.043164
341	0.043661
342	0.043787
343	0.043229
344	0.044116
345	0.042997
346	0.043715
347	0.043684
348	0.041904
349	0.043476
350	0.043725
351	0.042886
352	0.043093
353	0.043941
354	0.042530
355	0.043152
356	0.043990
357	0.045080
358	0.043948
359	0.043245
360	0.043412
361	0.041698
362	0.043211
363	0.044281
364	0.043183
365	0.044417
366	0.044639
367	0.044989
368	0.042660
369	0.043191
370	0.043491
371	0.043422
372	0.043055
373	0.043584
374	0.044248
375	0.043653
376	0.043991
377	0.043898
378	0.043525
379	0.043289
380	0.044288
381	0.042844
382	0.043037
383	0.044733
384	0.043881
385	0.044658
386	0.043109
387	0.042612
388	0.042469
389	0.042209
390	0.044568
391	0.042536
392	0.042987
393	0.043579
394	0.042701
395	0.044337
396	0.042725
397	0.044640
398	0.042631
399	0.043019
400	0.043045
401	0.043452
402	0.042261
403	0.044638
404	0.042500
405	0.043003
406	0.043050
407	0.043151
408	0.043167
409	0.043039
410	0.044054
411	0.043055
412	0.044343
413	0.044484
414	0.042923
415	0.044102
416	0.043869
417	0.043347
418	0.043289
419	0.043453
420	0.043573
421	0.043584
422	0.043350
423	0.044026
424	0.043205
425	0.041994
426	0.043150
427	0.043085
428	0.044122
429	0.043904
430	0.044365
431	0.042686
432	0.043381
433	0.044088
434	0.044129
435	0.044154
436	0.043474
437	0.042911
438	0.043058
439	0.042775
440	0.043287
441	0.043877
442	0.043682
443	0.043479
444	0.043446
445	0.043341
446	0.044503
447	0.043338
448	0.043477
449	0.043215
450	0.042246
451	0.041943
452	0.042214
453	0.044514
454	0.043387
455	0.042034
456	0.043648
457	0.044062
458	0.042222
459	0.044037
460	0.042429
461	0.043021
462	0.043802
463	0.043148
464	0.043504
465	0.043843
466	0.042869
467	0.043980
468	0.043489
469	0.042987
470	0.042959
471	0.042581
472	0.042342
473	0.044327
474	0.044170
475	0.043922
476	0.042671
477	0.041899
478	0.042332
479	0.042060
480	0.043562
481	0.042990
482	0.042807
483	0.042639
484	0.042641
485	0.043096
486	0.043680
487	0.043164
488	0.042055
489	0.043893
490	0.042306
491	0.043682
492	0.042200
493	0.042600
494	0.043373
495	0.044061
496	0.042570
497	0.042842
498	0.041428
499	0.044486
500	0.042561
501	0.042556
502	0.042272
503	0.042292
504	0.042181
505	0.045536
506	0.043099
507	0.043199
508	0.043347
509	0.042915
510	0.042102
511	0.043452
512	0.042519
513	0.042327
514	0.044212
515	0.043061
516	0.043049
517	0.042868
518	0.043024
519	0.042975
520	0.042162
521	0.044022
522	0.042305
523	0.041638
524	0.042032
525	0.040804
526	0.044579
527	0.043354
528	0.043512
529	0.042030
530	0.042795
531	0.043650
532	0.042673
533	0.043644
534	0.043436
535	0.043290
536	0.041700
537	0.043249
538	0.043093
539	0.043768
540	0.043117
541	0.042653
542	0.042239
543	0.043862
544	0.041458
545	0.042267
546	0.042526
547	0.043272
548	0.042472
549	0.043453
550	0.041154
551	0.044107
552	0.042220
553	0.043419
554	0.043023
555	0.041898
556	0.041599
557	0.042619
558	0.042217
559	0.042614
560	0.043925
561	0.042545
562	0.043763
563	0.042938
564	0.043321
565	0.043145
566	0.043654
567	0.043164
568	0.043871
569	0.043291
570	0.043065
571	0.043611
572	0.042465
573	0.042951
574	0.043040
575	0.042534
576	0.043425
577	0.043488
578	0.043237
579	0.042840
580	0.043019
581	0.041857
582	0.042998
583	0.041618
584	0.041641
585	0.042981
586	0.042635
587	0.043754
588	0.041585
589	0.041789
590	0.042669
591	0.043005
592	0.043137
593	0.042747
594	0.042393
595	0.041910
596	0.041959
597	0.042182
598	0.042780
599	0.043663
600	0.042347
601	0.042643
602	0.042644
603	0.042275
604	0.043005
605	0.044037
606	0.042690
607	0.042447
608	0.043476
609	0.041902
610	0.041872
611	0.042618
612	0.041948
613	0.042555
614	0.042133
615	0.042110
616	0.042147
617	0.042987
618	0.042842
619	0.041550
620	0.042929
621	0.042798
622	0.042933
623	0.042290
624	0.042427
625	0.042205
626	0.042260
627	0.041814
628	0.042660
629	0.043802
630	0.042552
631	0.043471
632	0.042241
633	0.041287
634	0.042457
635	0.042931
636	0.042337
637	0.042506
638	0.042017
639	0.042022
640	0.042079
641	0.040962
642	0.042407
643	0.043570
644	0.042695
645	0.043471
646	0.042101
647	0.041978
648	0.042947
649	0.041667
650	0.042827
651	0.041800
652	0.042041
653	0.043490
654	0.042746
655	0.041745
656	0.042579
657	0.041157
658	0.043403
659	0.041275
660	0.041944
661	0.042113
662	0.042019
663	0.042995
664	0.043081
665	0.042712
666	0.041336
667	0.041977
668	0.041384
669	0.043342
670	0.041522
671	0.041607
672	0.042062
673	0.041362
674	0.042088
675	0.041389
676	0.041238
677	0.042422
678	0.043207
679	0.042067
680	0.043520
681	0.043284
682	0.042203
683	0.042745
684	0.042606
685	0.042562
686	0.042415
687	0.042730
688	0.042637
689	0.042004
690	0.044167
691	0.041659
692	0.041152
693	0.042720
694	0.041948
695	0.042024
696	0.042255
697	0.043202
698	0.042240
699	0.043238
700	0.043036
701	0.043203
702	0.041889
703	0.041498
704	0.042971
705	0.042234
706	0.041810
707	0.041554
708	0.040998
709	0.042372
710	0.042674
711	0.042107
712	0.042309
713	0.043206
714	0.041960
715	0.042441
716	0.043599
717	0.041968
718	0.041113
719	0.042024
720	0.042519
721	0.042455
722	0.042959
723	0.042138
724	0.042581
725	0.042225
726	0.042559
727	0.040431
728	0.040874
729	0.041167
730	0.042684
731	0.041367
732	0.041946
733	0.042532
734	0.041323
735	0.041441
736	0.043047
737	0.041615
738	0.042658
739	0.041669
740	0.040896
741	0.042618
742	0.041352
743	0.042075
744	0.042220
745	0.041406
746	0.041951
747	0.041391
748	0.041960
749	0.042310
750	0.041343
751	0.041795
752	0.041219
753	0.041923
754	0.042064
755	0.042164
756	0.041819
757	0.041339
758	0.042372
759	0.042250
760	0.042770
761	0.042308
762	0.041997
763	0.041339
764	0.041621
765	0.042348
766	0.040784
767	0.041924
768	0.042144
769	0.042248
770	0.040508
771	0.041680
772	0.040535
773	0.041144
774	0.041544
775	0.042150
776	0.042112
777	0.041389
778	0.040661
779	0.043067
780	0.042126
781	0.041314
782	0.041851
783	0.041292
784	0.041037
785	0.040878
786	0.040799
787	0.042674
788	0.041491
789	0.042439
790	0.040996
791	0.043093
792	0.041215
793	0.043293
794	0.041485
795	0.042189
796	0.040815
797	0.042694
798	0.042091
799	0.041526
800	0.043110
801	0.041520
802	0.042040
803	0.041009
804	0.042629
805	0.041012
806	0.042296
807	0.041151
808	0.041015
809	0.041791
810	0.041646
811	0.041473
812	0.041590
813	0.040827
814	0.040705
815	0.041740
816	0.041960
817	0.042135
818	0.040033
819	0.040548
820	0.042403
821	0.041171
822	0.042369
823	0.040962
824	0.042393
825	0.041556
826	0.041394
827	0.041417
828	0.041455
829	0.040219
830	0.041047
831	0.041693
832	0.041395
833	0.041439
834	0.042387
835	0.041930
836	0.040953
837	0.041320
838	0.040690
839	0.040877
840	0.041984
841	0.043753
842	0.039751
843	0.042119
844	0.040237
845	0.041246
846	0.041869
847	0.041317
848	0.041263
849	0.041342
850	0.041613
851	0.041990
852	0.041103
853	0.041581
854	0.040997
855	0.041518
856	0.040660
857	0.042048
858	0.041665
859	0.041549
860	0.041458
861	0.041999
862	0.040944
863	0.041107
864	0.041607
865	0.041221
866	0.041600
867	0.042016
868	0.041175
869	0.041306
870	0.041491
871	0.040906
872	0.040921
873	0.040920
874	0.041070
875	0.041703
876	0.041150
877	0.041571
878	0.040458
879	0.041612
880	0.041346
881	0.040895
882	0.040467
883	0.041603
884	0.041833
885	0.040264
886	0.040634
887	0.041537
888	0.041111
889	0.040376
890	0.040626
891	0.040902
892	0.041836
893	0.040732
894	0.041012
895	0.040338
896	0.039741
897	0.041589
898	0.040265
899	0.042016
900	0.042204
901	0.041241
902	0.042371
903	0.041705
904	0.041917
905	0.042236
906	0.041525
907	0.040996
908	0.039940
909	0.040942
910	0.041544
911	0.041725
912	0.041131
913	0.042254
914	0.041616
915	0.040342
916	0.040935
917	0.041881
918	0.042563
919	0.041354
920	0.041137
921	0.040546
922	0.040274
923	0.040857
924	0.042621
925	0.041286
926	0.041239
927	0.041187
928	0.041563
929	0.040934
930	0.040649
931	0.040658
932	0.041762
933	0.041832
934	0.040717
935	0.041241
936	0.040103
937	0.040746
938	0.040198
939	0.040714
940	0.041387
941	0.041955
942	0.041310
943	0.040274
944	0.040774
945	0.040296
946	0.040613
947	0.042732
948	0.041456
949	0.041172
950	0.040429
951	0.040693
952	0.040301
953	0.040716
954	0.039147
955	0.040964
956	0.041813
957	0.040076
958	0.039352
959	0.039688
960	0.041709
961	0.041288
962	0.040575
963	0.041193
964	0.040529
965	0.041348
966	0.042016
967	0.040452
968	0.041277
969	0.041925
970	0.040843
971	0.041926
972	0.040849
973	0.040285
974	0.040593
975	0.041019
976	0.040539
977	0.040855
978	0.042713
979	0.040907
980	0.040180
981	0.042464
982	0.040600
983	0.040391
984	0.039848
985	0.040367
986	0.040481
987	0.040603
988	0.041339
989	0.040693
990	0.042170
991	0.040853
992	0.040506
993	0.040918
994	0.039661
995	0.041195
996	0.041043
997	0.040217
998	0.040444
999	0.040750
1000	0.040542
1001	0.040992
1002	0.040845
1003	0.041678
1004	0.040646
1005	0.041878
1006	0.040881
1007	0.040412
1008	0.040340
1009	0.040568
1010	0.039704
1011	0.040402
1012	0.039310
1013	0.041161
1014	0.041754
1015	0.039421
1016	0.040283
1017	0.042457
1018	0.042155
1019	0.041268
1020	0.041551
1021	0.041222
1022	0.041294
1023	0.040680
1024	0.041633
1025	0.040287
1026	0.039796
1027	0.040629
1028	0.040797
1029	0.040677
1030	0.041276
1031	0.041288
1032	0.042456
1033	0.040465
1034	0.041750
1035	0.039885
1036	0.040694
1037	0.040441
1038	0.040139
1039	0.041046
1040	0.040877
1041	0.040029
1042	0.040380
1043	0.040476
1044	0.040231
1045	0.042512
1046	0.040547
1047	0.041631
1048	0.040416
1049	0.040391
1050	0.040921
1051	0.039232
1052	0.040484
1053	0.040011
1054	0.040884
1055	0.040962
1056	0.039758
1057	0.039857
1058	0.040889
1059	0.040311
1060	0.041087
1061	0.039624
1062	0.040101
1063	0.040486
1064	0.041114
1065	0.041223
1066	0.039988
1067	0.040276
1068	0.040174
1069	0.041914
1070	0.039871
1071	0.041029
1072	0.041814
1073	0.041477
1074	0.040265
1075	0.040503
1076	0.040849
1077	0.041250
1078	0.040838
1079	0.041684
1080	0.041263
1081	0.039883
1082	0.041945
1083	0.041043
1084	0.039813
1085	0.040628
1086	0.040414
1087	0.040057
1088	0.040721
1089	0.039546
1090	0.041495
1091	0.040492
1092	0.039705
1093	0.041318
1094	0.041318
1095	0.040511
1096	0.040616
1097	0.040257
1098	0.039706
1099	0.039481
1100	0.040338
1101	0.041406
1102	0.041298
1103	0.041044
1104	0.041218
1105	0.039576
1106	0.040934
1107	0.041268
1108	0.040414
1109	0.040488
1110	0.040028
1111	0.040853
1112	0.040530
1113	0.041824
1114	0.039886
1115	0.041524
1116	0.039304
1117	0.040984
1118	0.039498
1119	0.039724
1120	0.039942
1121	0.041018
1122	0.039614
1123	0.040353
1124	0.040418
1125	0.039854
1126	0.040347
1127	0.040157
1128	0.040056
1129	0.040481
1130	0.040019
1131	0.041731
1132	0.040350
1133	0.041497
1134	0.040240
1135	0.040433
1136	0.040277
1137	0.040581
1138	0.041855
1139	0.040625
1140	0.039028
1141	0.040328
1142	0.041456
1143	0.040355
1144	0.040559
1145	0.040599
1146	0.041263
1147	0.040087
1148	0.041023
1149	0.040298
1150	0.039419
1151	0.040008
1152	0.040357
1153	0.040341
1154	0.041652
1155	0.040675
1156	0.040181
1157	0.040432
1158	0.040141
1159	0.039869
1160	0.039983
1161	0.040160
1162	0.041995
1163	0.038958
1164	0.041348
1165	0.039878
1166	0.040389
1167	0.042011
1168	0.040405
1169	0.040725
1170	0.040050
1171	0.041369
1172	0.040307
1173	0.040343
1174	0.040805
1175	0.040405
1176	0.040903
1177	0.040346
1178	0.039764
1179	0.040402
1180	0.041010
1181	0.040860
1182	0.040704
1183	0.040141
1184	0.039218
1185	0.040190
1186	0.039839
1187	0.040608
1188	0.040097
1189	0.039538
1190	0.040656
1191	0.041220
1192	0.039672
1193	0.039511
1194	0.040277
1195	0.039589
1196	0.039354
1197	0.039351
1198	0.040778
1199	0.039847
1200	0.040563
1201	0.040327
1202	0.040462
1203	0.039884
1204	0.040712
1205	0.039135
1206	0.040653
1207	0.039349
1208	0.040037
1209	0.040072
1210	0.039777
1211	0.039810
1212	0.040040
1213	0.038900
1214	0.040054
1215	0.039262
1216	0.039692
1217	0.040423
1218	0.040597
1219	0.040438
1220	0.040134
1221	0.040166
1222	0.040629
1223	0.039367
1224	0.040775
1225	0.039948
1226	0.041038
1227	0.040962
1228	0.041199
1229	0.040883
1230	0.039333
1231	0.041896
1232	0.040072
1233	0.040576
1234	0.040813
1235	0.039649
1236	0.040321
1237	0.041480
1238	0.041809
1239	0.039581
1240	0.040721
1241	0.040430
1242	0.041715
1243	0.039799
1244	0.041008
1245	0.039715
1246	0.040233
1247	0.040500
1248	0.040038
1249	0.040033
1250	0.039335
1251	0.041193
1252	0.040749
1253	0.040030
1254	0.040210
1255	0.040962
1256	0.039697
1257	0.040484
1258	0.040142
1259	0.040370
1260	0.040304
1261	0.040526
1262	0.040309
1263	0.040028
1264	0.039547
1265	0.041316
1266	0.039563
1267	0.040448
1268	0.040420
1269	0.039843
1270	0.039190
1271	0.040358
1272	0.039747
1273	0.039713
1274	0.039467
1275	0.040189
1276	0.039115
1277	0.039511
1278	0.039472
1279	0.039733
1280	0.039451
1281	0.039536
1282	0.039566
1283	0.039339
1284	0.040460
1285	0.039326
1286	0.039362
1287	0.040037
1288	0.039576
1289	0.039676
1290	0.040550
1291	0.039716
1292	0.039247
1293	0.039850
1294	0.039463
1295	0.040203
1296	0.039611
1297	0.039965
1298	0.039689
1299	0.039799
1300	0.039955
1301	0.040466
1302	0.039725
1303	0.038941
1304	0.040829
1305	0.039785
1306	0.039908
1307	0.041044
1308	0.041309
1309	0.040067
1310	0.041274
1311	0.040414
1312	0.038729
1313	0.039786
1314	0.039909
1315	0.039253
1316	0.040124
1317	0.040824
1318	0.039831
1319	0.039902
1320	0.039349
1321	0.040147
1322	0.039865
1323	0.040023
1324	0.040771
1325	0.039557
1326	0.039574
1327	0.040413
1328	0.040510
1329	0.039450
1330	0.040794
1331	0.039037
1332	0.039402
1333	0.041291
1334	0.039941
1335	0.041523
1336	0.039700
1337	0.041239
1338	0.040293
1339	0.040145
1340	0.040321
1341	0.039715
1342	0.039678
1343	0.040070
1344	0.040365
1345	0.038983
1346	0.039884
1347	0.039987
1348	0.038906
1349	0.039876
1350	0.039470
1351	0.038291
1352	0.039675
1353	0.039513
1354	0.039204
1355	0.039656
1356	0.039758
1357	0.039963
1358	0.040706
1359	0.040263
1360	0.039905
1361	0.039570
1362	0.039871
1363	0.039232
1364	0.040260
1365	0.040026
1366	0.040410
1367	0.039806
1368	0.039544
1369	0.039636
1370	0.040262
1371	0.040231
1372	0.040793
1373	0.040615
1374	0.039548
1375	0.039223
1376	0.039721
1377	0.039769
1378	0.040433
1379	0.040962
1380	0.039480
1381	0.039999
1382	0.040627
1383	0.041132
1384	0.040298
1385	0.040473
1386	0.039393
1387	0.040272
1388	0.039824
1389	0.040184
1390	0.040436
1391	0.039740
1392	0.039654
1393	0.039531
1394	0.039699
1395	0.039773
1396	0.039968
1397	0.039548
1398	0.040659
1399	0.040558
1400	0.040069
1401	0.040609
1402	0.040072
1403	0.039834
1404	0.039875
1405	0.040907
1406	0.040519
1407	0.038858
1408	0.041010
1409	0.040667
1410	0.039701
1411	0.039373
1412	0.040021
1413	0.040549
1414	0.040589
1415	0.041438
1416	0.039752
1417	0.040498
1418	0.039993
1419	0.040790
1420	0.040009
1421	0.039885
1422	0.040129
1423	0.040080
1424	0.041072
1425	0.039178
1426	0.039700
1427	0.040095
1428	0.039438
1429	0.040250
1430	0.040026
1431	0.039054
1432	0.040698
1433	0.040894
1434	0.039340
1435	0.039371
1436	0.040099
1437	0.039991
1438	0.040603
1439	0.039209
1440	0.040876
1441	0.041038
1442	0.039616
1443	0.041008
1444	0.041268
1445	0.039615
1446	0.039498
1447	0.038923
1448	0.039772
1449	0.040090
1450	0.039518
1451	0.039725
1452	0.039697
1453	0.039961
1454	0.039562
1455	0.040381
1456	0.040632
1457	0.039441
1458	0.039546
1459	0.040449
1460	0.041995
1461	0.040169
1462	0.041068
1463	0.040908
1464	0.039593
1465	0.040047
1466	0.039357
1467	0.040135
1468	0.039708
1469	0.039925
1470	0.039704
1471	0.038531
1472	0.038829
1473	0.039726
1474	0.039717
1475	0.039903
1476	0.040205
1477	0.042732
1478	0.039588
1479	0.039335
1480	0.039021
1481	0.040718
1482	0.039579
1483	0.039277
1484	0.039887
1485	0.040108
1486	0.040286
1487	0.039522
1488	0.040907
1489	0.039640
1490	0.041179
1491	0.039477
1492	0.040152
1493	0.039395
1494	0.040214
1495	0.039727
1496	0.039610
1497	0.040186
1498	0.039728
1499	0.039840
1500	0.039364
