Epochs	Loss	
1	0.128209
2	0.127977
3	0.126897
4	0.124825
5	0.124389
6	0.123698
7	0.122470
8	0.121188
9	0.119683
10	0.117743
11	0.116766
12	0.114581
13	0.113511
14	0.111005
15	0.109013
16	0.107364
17	0.104556
18	0.102747
19	0.101251
20	0.098528
21	0.096234
22	0.094590
23	0.092549
24	0.090681
25	0.089039
26	0.087932
27	0.086092
28	0.084438
29	0.083320
30	0.082424
31	0.081069
32	0.079456
33	0.078683
34	0.077497
35	0.076806
36	0.076273
37	0.075473
38	0.074730
39	0.074572
40	0.073761
41	0.072905
42	0.072889
43	0.071822
44	0.071542
45	0.071216
46	0.070663
47	0.070655
48	0.070627
49	0.069581
50	0.069408
51	0.068997
52	0.068393
53	0.069116
54	0.068379
55	0.067899
56	0.067063
57	0.068112
58	0.067255
59	0.067518
60	0.066378
61	0.066924
62	0.066707
63	0.066216
64	0.066449
65	0.066336
66	0.066242
67	0.066184
68	0.065704
69	0.065675
70	0.065160
71	0.065752
72	0.065656
73	0.064922
74	0.064501
75	0.065260
76	0.065688
77	0.064347
78	0.065199
79	0.064207
80	0.064312
81	0.064513
82	0.064310
83	0.064689
84	0.063648
85	0.064142
86	0.064091
87	0.063585
88	0.064280
89	0.063438
90	0.063580
91	0.063599
92	0.063556
93	0.063045
94	0.062891
95	0.062941
96	0.063274
97	0.062643
98	0.063707
99	0.062809
100	0.062865
101	0.062796
102	0.062498
103	0.062843
104	0.062068
105	0.062363
106	0.062527
107	0.062262
108	0.063256
109	0.061920
110	0.062143
111	0.061692
112	0.061502
113	0.061640
114	0.062556
115	0.062366
116	0.062110
117	0.062284
118	0.061588
119	0.061440
120	0.061858
121	0.062221
122	0.061522
123	0.060980
124	0.061470
125	0.061640
126	0.061202
127	0.061362
128	0.061357
129	0.061475
130	0.061302
131	0.061132
132	0.060338
133	0.061770
134	0.061287
135	0.061324
136	0.060952
137	0.061027
138	0.060745
139	0.060855
140	0.060436
141	0.060730
142	0.061178
143	0.060732
144	0.060614
145	0.060735
146	0.060523
147	0.060733
148	0.060680
149	0.060515
150	0.060935
151	0.060505
152	0.060087
153	0.060093
154	0.060207
155	0.060340
156	0.060286
157	0.060441
158	0.060929
159	0.060118
160	0.060101
161	0.060191
162	0.060245
163	0.059861
164	0.060299
165	0.060014
166	0.059713
167	0.060302
168	0.059528
169	0.059978
170	0.059679
171	0.059102
172	0.059726
173	0.059251
174	0.059695
175	0.059374
176	0.059353
177	0.059625
178	0.059463
179	0.059092
180	0.058981
181	0.059777
182	0.059389
183	0.059232
184	0.058729
185	0.059051
186	0.059070
187	0.058999
188	0.059007
189	0.059831
190	0.059465
191	0.059482
192	0.058952
193	0.059492
194	0.058748
195	0.059224
196	0.058674
197	0.059674
198	0.059021
199	0.059807
200	0.059289
201	0.058386
202	0.058867
203	0.058735
204	0.058440
205	0.059467
206	0.058546
207	0.058145
208	0.058809
209	0.058736
210	0.058672
211	0.058550
212	0.057681
213	0.059174
214	0.058955
215	0.058385
216	0.057854
217	0.058002
218	0.057936
219	0.058348
220	0.058747
221	0.057616
222	0.058430
223	0.058588
224	0.058140
225	0.058914
226	0.058395
227	0.057971
228	0.058659
229	0.058114
230	0.058256
231	0.058275
232	0.058131
233	0.058754
234	0.057951
235	0.057158
236	0.057854
237	0.057533
238	0.058198
239	0.057879
240	0.057877
241	0.057390
242	0.058374
243	0.058323
244	0.057891
245	0.057842
246	0.056983
247	0.057472
248	0.057700
249	0.057307
250	0.057504
251	0.057313
252	0.057855
253	0.057660
254	0.057603
255	0.057010
256	0.057055
257	0.057736
258	0.057321
259	0.057234
260	0.057473
261	0.057312
262	0.057518
263	0.057978
264	0.056979
265	0.057682
266	0.057713
267	0.057581
268	0.057637
269	0.058185
270	0.057256
271	0.056968
272	0.056913
273	0.057018
274	0.057181
275	0.057275
276	0.057246
277	0.056658
278	0.057065
279	0.057187
280	0.058261
281	0.057675
282	0.056512
283	0.056846
284	0.057952
285	0.057219
286	0.056769
287	0.057681
288	0.056712
289	0.057090
290	0.056920
291	0.056956
292	0.056889
293	0.056675
294	0.056198
295	0.057120
296	0.056868
297	0.056109
298	0.056294
299	0.056617
300	0.056608
301	0.056752
302	0.056649
303	0.056776
304	0.056747
305	0.057176
306	0.056643
307	0.056682
308	0.057215
309	0.056486
310	0.056533
311	0.056397
312	0.055951
313	0.056718
314	0.056941
315	0.056748
316	0.055872
317	0.056232
318	0.056514
319	0.056114
320	0.056725
321	0.056341
322	0.055996
323	0.056365
324	0.055868
325	0.056985
326	0.056418
327	0.056186
328	0.056199
329	0.055711
330	0.055964
331	0.056136
332	0.055841
333	0.056666
334	0.055858
335	0.056139
336	0.056544
337	0.056513
338	0.056188
339	0.056447
340	0.055894
341	0.055968
342	0.056271
343	0.056023
344	0.056805
345	0.055959
346	0.056745
347	0.055574
348	0.055910
349	0.055529
350	0.055800
351	0.056126
352	0.055725
353	0.055596
354	0.055861
355	0.056121
356	0.055786
357	0.055455
358	0.056133
359	0.055992
360	0.055579
361	0.055503
362	0.055627
363	0.055514
364	0.055447
365	0.055565
366	0.055777
367	0.055552
368	0.055258
369	0.056011
370	0.056101
371	0.055359
372	0.055378
373	0.055678
374	0.055421
375	0.055250
376	0.055278
377	0.055594
378	0.055515
379	0.055044
380	0.055250
381	0.055255
382	0.055872
383	0.055216
384	0.055581
385	0.055329
386	0.055012
387	0.055295
388	0.055425
389	0.055162
390	0.055251
391	0.054944
392	0.054688
393	0.055551
394	0.055403
395	0.054771
396	0.055568
397	0.054924
398	0.054793
399	0.055384
400	0.055353
401	0.055022
402	0.055177
403	0.055177
404	0.054643
405	0.054864
406	0.055479
407	0.055027
408	0.055206
409	0.054551
410	0.055026
411	0.054744
412	0.055245
413	0.055139
414	0.054799
415	0.054252
416	0.054634
417	0.054569
418	0.054891
419	0.054953
420	0.054857
421	0.054438
422	0.054782
423	0.054234
424	0.055089
425	0.054553
426	0.054783
427	0.054392
428	0.054767
429	0.054410
430	0.054705
431	0.055594
432	0.054865
433	0.054052
434	0.054433
435	0.054272
436	0.054200
437	0.055337
438	0.054644
439	0.054080
440	0.054160
441	0.054152
442	0.054798
443	0.054137
444	0.054149
445	0.053985
446	0.054481
447	0.054513
448	0.054904
449	0.055195
450	0.055467
451	0.054488
452	0.054384
453	0.053826
454	0.054612
455	0.054268
456	0.054623
457	0.054547
458	0.054448
459	0.054240
460	0.054087
461	0.054041
462	0.054262
463	0.053865
464	0.054607
465	0.053801
466	0.054186
467	0.053821
468	0.054113
469	0.054312
470	0.054398
471	0.054209
472	0.054276
473	0.054870
474	0.054606
475	0.054143
476	0.054322
477	0.054298
478	0.053949
479	0.054049
480	0.053846
481	0.054676
482	0.054002
483	0.054274
484	0.054080
485	0.053572
486	0.053592
487	0.052974
488	0.053726
489	0.053967
490	0.054220
491	0.053932
492	0.054002
493	0.054080
494	0.054102
495	0.054187
496	0.053388
497	0.053878
498	0.053276
499	0.053608
500	0.054405
501	0.053439
502	0.054594
503	0.053317
504	0.053641
505	0.053812
506	0.053245
507	0.053272
508	0.053678
509	0.054073
510	0.053465
511	0.053788
512	0.053485
513	0.053859
514	0.054412
515	0.053467
516	0.053909
517	0.053616
518	0.053776
519	0.053033
520	0.053233
521	0.053738
522	0.052797
523	0.053568
524	0.053367
525	0.053879
526	0.053687
527	0.053322
528	0.053538
529	0.053951
530	0.053493
531	0.053511
532	0.052950
533	0.053293
534	0.053931
535	0.053356
536	0.053341
537	0.053724
538	0.053674
539	0.053632
540	0.053533
541	0.053076
542	0.053470
543	0.053667
544	0.053789
545	0.053192
546	0.053287
547	0.053117
548	0.053737
549	0.053909
550	0.054122
551	0.053339
552	0.053024
553	0.053704
554	0.053227
555	0.053746
556	0.052920
557	0.053014
558	0.053229
559	0.054088
560	0.053494
561	0.054081
562	0.054001
563	0.052541
564	0.053196
565	0.052998
566	0.053089
567	0.053779
568	0.052901
569	0.053407
570	0.053857
571	0.053216
572	0.053630
573	0.053953
574	0.053240
575	0.053375
576	0.053104
577	0.053236
578	0.053667
579	0.053361
580	0.053152
581	0.053399
582	0.052903
583	0.053215
584	0.052917
585	0.053560
586	0.053282
587	0.053865
588	0.053149
589	0.053643
590	0.053239
591	0.052861
592	0.053036
593	0.053175
594	0.052606
595	0.052875
596	0.052699
597	0.053081
598	0.053219
599	0.053393
600	0.052538
601	0.053619
602	0.053417
603	0.052946
604	0.053208
605	0.052739
606	0.053245
607	0.052694
608	0.052909
609	0.052791
610	0.052535
611	0.053450
612	0.053113
613	0.052695
614	0.052714
615	0.052873
616	0.052690
617	0.053247
618	0.052778
619	0.053086
620	0.053050
621	0.052562
622	0.052685
623	0.052320
624	0.052796
625	0.052992
626	0.052954
627	0.052436
628	0.052719
629	0.052693
630	0.053003
631	0.052702
632	0.053186
633	0.053423
634	0.052929
635	0.052780
636	0.052896
637	0.052802
638	0.052919
639	0.052783
640	0.052979
641	0.052135
642	0.052409
643	0.052658
644	0.052812
645	0.052728
646	0.052931
647	0.052581
648	0.053243
649	0.053074
650	0.052640
651	0.052849
652	0.052998
653	0.052856
654	0.052773
655	0.052902
656	0.052890
657	0.052962
658	0.052151
659	0.052750
660	0.053076
661	0.052808
662	0.052557
663	0.052675
664	0.052294
665	0.053098
666	0.051955
667	0.052760
668	0.052378
669	0.052212
670	0.052490
671	0.052638
672	0.052385
673	0.052536
674	0.052017
675	0.052527
676	0.053074
677	0.052596
678	0.052346
679	0.053037
680	0.052921
681	0.052723
682	0.052524
683	0.052685
684	0.052854
685	0.052923
686	0.052493
687	0.052703
688	0.052102
689	0.052774
690	0.052352
691	0.052132
692	0.052290
693	0.051905
694	0.052379
695	0.052408
696	0.052434
697	0.052297
698	0.052629
699	0.052283
700	0.052597
701	0.052559
702	0.053245
703	0.053361
704	0.052063
705	0.052215
706	0.051997
707	0.052669
708	0.052631
709	0.052337
710	0.052228
711	0.052293
712	0.052231
713	0.052366
714	0.052211
715	0.052454
716	0.051559
717	0.052174
718	0.052361
719	0.052644
720	0.052431
721	0.052989
722	0.052254
723	0.052239
724	0.052499
725	0.052270
726	0.052583
727	0.052366
728	0.052378
729	0.052779
730	0.051809
731	0.052239
732	0.052036
733	0.052597
734	0.052264
735	0.052920
736	0.052625
737	0.052322
738	0.052360
739	0.053182
740	0.052142
741	0.052398
742	0.052648
743	0.051598
744	0.051887
745	0.052062
746	0.052595
747	0.053287
748	0.052565
749	0.052674
750	0.052021
751	0.052419
752	0.051677
753	0.052648
754	0.052464
755	0.052052
756	0.052275
757	0.052241
758	0.052830
759	0.052654
760	0.052442
761	0.052105
762	0.052452
763	0.052373
764	0.052337
765	0.051995
766	0.052189
767	0.052071
768	0.051993
769	0.052640
770	0.052376
771	0.052096
772	0.052305
773	0.051892
774	0.052063
775	0.052078
776	0.051948
777	0.052473
778	0.053065
779	0.052004
780	0.052271
781	0.051766
782	0.051808
783	0.052004
784	0.052436
785	0.052334
786	0.052602
787	0.051928
788	0.052467
789	0.051975
790	0.052574
791	0.052544
792	0.052314
793	0.052698
794	0.052073
795	0.051993
796	0.051848
797	0.051694
798	0.051692
799	0.052152
800	0.051890
801	0.052640
802	0.052154
803	0.052070
804	0.052351
805	0.051814
806	0.051855
807	0.052000
808	0.052849
809	0.052272
810	0.052436
811	0.052096
812	0.052191
813	0.051947
814	0.052215
815	0.051912
816	0.051697
817	0.052230
818	0.051524
819	0.051957
820	0.052295
821	0.051957
822	0.052400
823	0.051226
824	0.052271
825	0.051987
826	0.052244
827	0.053002
828	0.052147
829	0.051797
830	0.052512
831	0.052086
832	0.051923
833	0.051880
834	0.051912
835	0.052128
836	0.052886
837	0.051755
838	0.052398
839	0.052225
840	0.051428
841	0.051614
842	0.051778
843	0.052209
844	0.051267
845	0.051957
846	0.052175
847	0.052260
848	0.051868
849	0.051267
850	0.051790
851	0.051720
852	0.052298
853	0.051772
854	0.051670
855	0.051787
856	0.052327
857	0.051689
858	0.052682
859	0.052386
860	0.051803
861	0.052182
862	0.052368
863	0.051556
864	0.052008
865	0.052709
866	0.051985
867	0.052170
868	0.051415
869	0.051314
870	0.051806
871	0.051652
872	0.052055
873	0.052611
874	0.051816
875	0.051588
876	0.051616
877	0.051748
878	0.052018
879	0.051895
880	0.051816
881	0.052665
882	0.052016
883	0.052262
884	0.051579
885	0.052198
886	0.052141
887	0.052384
888	0.052422
889	0.051746
890	0.051772
891	0.052006
892	0.051946
893	0.052017
894	0.051811
895	0.052194
896	0.051863
897	0.051347
898	0.052022
899	0.051833
900	0.051559
901	0.051989
902	0.052237
903	0.052085
904	0.051596
905	0.051669
906	0.051510
907	0.051311
908	0.051878
909	0.052422
910	0.052045
911	0.052715
912	0.051648
913	0.052389
914	0.052215
915	0.051617
916	0.051405
917	0.052303
918	0.051643
919	0.052108
920	0.052502
921	0.051464
922	0.051628
923	0.051730
924	0.051951
925	0.051428
926	0.051802
927	0.052248
928	0.051606
929	0.051341
930	0.051629
931	0.051848
932	0.051351
933	0.052103
934	0.051831
935	0.052079
936	0.051395
937	0.051955
938	0.051955
939	0.051709
940	0.051611
941	0.051774
942	0.052013
943	0.051881
944	0.051994
945	0.052220
946	0.051909
947	0.051861
948	0.051472
949	0.051656
950	0.051688
951	0.051505
952	0.051837
953	0.051737
954	0.052271
955	0.051650
956	0.051859
957	0.052049
958	0.051510
959	0.051987
960	0.051483
961	0.051866
962	0.052235
963	0.052368
964	0.051602
965	0.052192
966	0.052073
967	0.051375
968	0.051431
969	0.051622
970	0.052182
971	0.052008
972	0.052557
973	0.051824
974	0.051593
975	0.051830
976	0.052055
977	0.051716
978	0.051880
979	0.051688
980	0.051707
981	0.052051
982	0.051738
983	0.052051
984	0.052264
985	0.051672
986	0.051922
987	0.051610
988	0.051774
989	0.051757
990	0.051691
991	0.051628
992	0.051744
993	0.051904
994	0.051933
995	0.052296
996	0.051491
997	0.052074
998	0.051695
999	0.051865
1000	0.052362
1001	0.051824
1002	0.051577
1003	0.052113
1004	0.051517
1005	0.052023
1006	0.052032
1007	0.051753
1008	0.051485
1009	0.052081
1010	0.051421
1011	0.051817
1012	0.052090
1013	0.051915
1014	0.051876
1015	0.052103
1016	0.051363
1017	0.051291
1018	0.051410
1019	0.051671
1020	0.051717
1021	0.052054
1022	0.051613
1023	0.051918
1024	0.051636
1025	0.051411
1026	0.051492
1027	0.051786
1028	0.052433
1029	0.051171
1030	0.051817
1031	0.051998
1032	0.051576
1033	0.051715
1034	0.051989
1035	0.052389
1036	0.051722
1037	0.051315
1038	0.051976
1039	0.051697
1040	0.051899
1041	0.052525
1042	0.051759
1043	0.051546
1044	0.051196
1045	0.051481
1046	0.051304
1047	0.051773
1048	0.051468
1049	0.051323
1050	0.051712
1051	0.051999
1052	0.052203
1053	0.051054
1054	0.052050
1055	0.051177
1056	0.051449
1057	0.051323
1058	0.051370
1059	0.051964
1060	0.052044
1061	0.051592
1062	0.051921
1063	0.051358
1064	0.051716
1065	0.051321
1066	0.051597
1067	0.052248
1068	0.051809
1069	0.051453
1070	0.051794
1071	0.052132
1072	0.051445
1073	0.052018
1074	0.051699
1075	0.051405
1076	0.051432
1077	0.051541
1078	0.051809
1079	0.052008
1080	0.051912
1081	0.051497
1082	0.051529
1083	0.051168
1084	0.051902
1085	0.051478
1086	0.051367
1087	0.051775
1088	0.052145
1089	0.051696
1090	0.051421
1091	0.051722
1092	0.051324
1093	0.051743
1094	0.051962
1095	0.051674
1096	0.051496
1097	0.051592
1098	0.051530
1099	0.051769
1100	0.052054
1101	0.051238
1102	0.051809
1103	0.051591
1104	0.051653
1105	0.051335
1106	0.051271
1107	0.051146
1108	0.051558
1109	0.050960
1110	0.050873
1111	0.051285
1112	0.051433
1113	0.051606
1114	0.051148
1115	0.051582
1116	0.051409
1117	0.051788
1118	0.051279
1119	0.051387
1120	0.051780
1121	0.051353
1122	0.051771
1123	0.052318
1124	0.051366
1125	0.051484
1126	0.051452
1127	0.051987
1128	0.052103
1129	0.051563
1130	0.051139
1131	0.051879
1132	0.051096
1133	0.051758
1134	0.051377
1135	0.051493
1136	0.051083
1137	0.051399
1138	0.051655
1139	0.051267
1140	0.051632
1141	0.051678
1142	0.051401
1143	0.051577
1144	0.051442
1145	0.051500
1146	0.051527
1147	0.051870
1148	0.051387
1149	0.051464
1150	0.051439
1151	0.051226
1152	0.052003
1153	0.051890
1154	0.051689
1155	0.051892
1156	0.051818
1157	0.051489
1158	0.051420
1159	0.051866
1160	0.051692
1161	0.051296
1162	0.051597
1163	0.051003
1164	0.051399
1165	0.051041
1166	0.051314
1167	0.051251
1168	0.051285
1169	0.051378
1170	0.051752
1171	0.051847
1172	0.051278
1173	0.051013
1174	0.051445
1175	0.051255
1176	0.051727
1177	0.051314
1178	0.050987
1179	0.051351
1180	0.051827
1181	0.051227
1182	0.051191
1183	0.050984
1184	0.051659
1185	0.051128
1186	0.051951
1187	0.050687
1188	0.051058
1189	0.051102
1190	0.051365
1191	0.050464
1192	0.051279
1193	0.051528
1194	0.051721
1195	0.052208
1196	0.051787
1197	0.052284
1198	0.051851
1199	0.051233
1200	0.051560
1201	0.051858
1202	0.051431
1203	0.051482
1204	0.051618
1205	0.051203
1206	0.051513
1207	0.051580
1208	0.051545
1209	0.051666
1210	0.051662
1211	0.052008
1212	0.051634
1213	0.051660
1214	0.051899
1215	0.051339
1216	0.051521
1217	0.051186
1218	0.051514
1219	0.051587
1220	0.051628
1221	0.051052
1222	0.051735
1223	0.052069
1224	0.051902
1225	0.052004
1226	0.051219
1227	0.051088
1228	0.051510
1229	0.051060
1230	0.051323
1231	0.051044
1232	0.051284
1233	0.051450
1234	0.050886
1235	0.051664
1236	0.051370
1237	0.050867
1238	0.051523
1239	0.051333
1240	0.051085
1241	0.051164
1242	0.051854
1243	0.051083
1244	0.051435
1245	0.052162
1246	0.050995
1247	0.051198
1248	0.051354
1249	0.051075
1250	0.051536
1251	0.052032
1252	0.051463
1253	0.051400
1254	0.051700
1255	0.051429
1256	0.051156
1257	0.051325
1258	0.051434
1259	0.051334
1260	0.051559
1261	0.050999
1262	0.051480
1263	0.051241
1264	0.051405
1265	0.051645
1266	0.051744
1267	0.050942
1268	0.051661
1269	0.051309
1270	0.051481
1271	0.051396
1272	0.051004
1273	0.051354
1274	0.051175
1275	0.051175
1276	0.051345
1277	0.051708
1278	0.051227
1279	0.051031
1280	0.051628
1281	0.051601
1282	0.051400
1283	0.051584
1284	0.051464
1285	0.051194
1286	0.051672
1287	0.051057
1288	0.050941
1289	0.051253
1290	0.050965
1291	0.050900
1292	0.051441
1293	0.051397
1294	0.051288
1295	0.051301
1296	0.051580
1297	0.051176
1298	0.050591
1299	0.051495
1300	0.051407
1301	0.051629
1302	0.051444
1303	0.050859
1304	0.051588
1305	0.051210
1306	0.051182
1307	0.051482
1308	0.051086
1309	0.051475
1310	0.051447
1311	0.051350
1312	0.051304
1313	0.051063
1314	0.051811
1315	0.051561
1316	0.051579
1317	0.050957
1318	0.051357
1319	0.050960
1320	0.050676
1321	0.051132
1322	0.051418
1323	0.051504
1324	0.051009
1325	0.051113
1326	0.051049
1327	0.050945
1328	0.051287
1329	0.051266
1330	0.051661
1331	0.051701
1332	0.051285
1333	0.050976
1334	0.051029
1335	0.051498
1336	0.050659
1337	0.051393
1338	0.050770
1339	0.051402
1340	0.051607
1341	0.051238
1342	0.051608
1343	0.051673
1344	0.050767
1345	0.051119
1346	0.051070
1347	0.050978
1348	0.051130
1349	0.051567
1350	0.052065
1351	0.051798
1352	0.051216
1353	0.051148
1354	0.051208
1355	0.051147
1356	0.051234
1357	0.051440
1358	0.051161
1359	0.050933
1360	0.051472
1361	0.050871
1362	0.051126
1363	0.051793
1364	0.051544
1365	0.051232
1366	0.050848
1367	0.051248
1368	0.050954
1369	0.051354
1370	0.051542
1371	0.051491
1372	0.050936
1373	0.051230
1374	0.051013
1375	0.050837
1376	0.051296
1377	0.051653
1378	0.051041
1379	0.051344
1380	0.050955
1381	0.051071
1382	0.051260
1383	0.051708
1384	0.050803
1385	0.051602
1386	0.051816
1387	0.051156
1388	0.051191
1389	0.051379
1390	0.051385
1391	0.051326
1392	0.051427
1393	0.051312
1394	0.051538
1395	0.051735
1396	0.051568
1397	0.051302
1398	0.050587
1399	0.051051
1400	0.051082
1401	0.051108
1402	0.051131
1403	0.051257
1404	0.051364
1405	0.051236
1406	0.051225
1407	0.051674
1408	0.051700
1409	0.051197
1410	0.051277
1411	0.051072
1412	0.050935
1413	0.051717
1414	0.050690
1415	0.051483
1416	0.051664
1417	0.051047
1418	0.051169
1419	0.051158
1420	0.051491
1421	0.050984
1422	0.051306
1423	0.051696
1424	0.050964
1425	0.051383
1426	0.050969
1427	0.051767
1428	0.051072
1429	0.051172
1430	0.050990
1431	0.050941
1432	0.051056
1433	0.051051
1434	0.050935
1435	0.051642
1436	0.051233
1437	0.051395
1438	0.050966
1439	0.050830
1440	0.050750
1441	0.051148
1442	0.051040
1443	0.050785
1444	0.051174
1445	0.050938
1446	0.050689
1447	0.050833
1448	0.051140
1449	0.051119
1450	0.051786
1451	0.050886
1452	0.050796
1453	0.050650
1454	0.051244
1455	0.051101
1456	0.051176
1457	0.051716
1458	0.051003
1459	0.051218
1460	0.050782
1461	0.050741
1462	0.050836
1463	0.051359
1464	0.051075
1465	0.050868
1466	0.051125
1467	0.051275
1468	0.051953
1469	0.051330
1470	0.051406
1471	0.051803
1472	0.051165
1473	0.050874
1474	0.051069
1475	0.051287
1476	0.051307
1477	0.050468
1478	0.051065
1479	0.051462
1480	0.051779
1481	0.050916
1482	0.051279
1483	0.051250
1484	0.051084
1485	0.051303
1486	0.051112
1487	0.051239
1488	0.051528
1489	0.051200
1490	0.051159
1491	0.051207
1492	0.050773
1493	0.051406
1494	0.051009
1495	0.050604
1496	0.050670
1497	0.051583
1498	0.050925
1499	0.050845
1500	0.051356
