Epochs	Loss	
1	0.169733
2	0.169610
3	0.169722
4	0.167423
5	0.165775
6	0.164004
7	0.164814
8	0.162518
9	0.162255
10	0.158902
11	0.157461
12	0.155149
13	0.152662
14	0.152336
15	0.149650
16	0.145988
17	0.145492
18	0.144346
19	0.140159
20	0.137788
21	0.134843
22	0.133428
23	0.131254
24	0.128655
25	0.124307
26	0.123032
27	0.120181
28	0.117674
29	0.115443
30	0.110679
31	0.110106
32	0.107116
33	0.105490
34	0.102583
35	0.099121
36	0.097671
37	0.095953
38	0.095181
39	0.093695
40	0.091396
41	0.090434
42	0.088281
43	0.085826
44	0.085206
45	0.082958
46	0.082448
47	0.080449
48	0.079988
49	0.079025
50	0.078846
51	0.077684
52	0.077703
53	0.076061
54	0.075663
55	0.075532
56	0.074243
57	0.074238
58	0.073714
59	0.073621
60	0.073131
61	0.072064
62	0.071960
63	0.072170
64	0.070820
65	0.070280
66	0.069980
67	0.069088
68	0.069627
69	0.069918
70	0.068654
71	0.069078
72	0.068303
73	0.069243
74	0.068531
75	0.068443
76	0.067240
77	0.067346
78	0.067540
79	0.067034
80	0.066517
81	0.066474
82	0.067326
83	0.066846
84	0.066488
85	0.066079
86	0.065903
87	0.066979
88	0.065484
89	0.065678
90	0.065376
91	0.064837
92	0.064755
93	0.064585
94	0.065027
95	0.064707
96	0.064169
97	0.064891
98	0.064092
99	0.064174
100	0.064746
101	0.065599
102	0.065038
103	0.063322
104	0.063393
105	0.063367
106	0.064488
107	0.063200
108	0.063959
109	0.063511
110	0.062945
111	0.062885
112	0.063911
113	0.062555
114	0.063887
115	0.062595
116	0.061957
117	0.062875
118	0.063489
119	0.062873
120	0.062241
121	0.062910
122	0.062204
123	0.062434
124	0.061865
125	0.061541
126	0.061499
127	0.062637
128	0.061036
129	0.063637
130	0.062349
131	0.061579
132	0.062075
133	0.062057
134	0.061847
135	0.061061
136	0.061095
137	0.061379
138	0.061001
139	0.062097
140	0.062565
141	0.061385
142	0.061183
143	0.061281
144	0.062178
145	0.061459
146	0.062046
147	0.060961
148	0.061483
149	0.062185
150	0.061243
151	0.060609
152	0.060284
153	0.061577
154	0.060496
155	0.060865
156	0.060835
157	0.060133
158	0.060788
159	0.060541
160	0.059493
161	0.060265
162	0.060442
163	0.060401
164	0.060003
165	0.059862
166	0.060020
167	0.059881
168	0.060144
169	0.061602
170	0.059774
171	0.059361
172	0.060139
173	0.059495
174	0.059409
175	0.059734
176	0.059992
177	0.059601
178	0.060251
179	0.059499
180	0.059133
181	0.059071
182	0.059786
183	0.058941
184	0.059083
185	0.059165
186	0.059304
187	0.059301
188	0.058692
189	0.059636
190	0.059510
191	0.058318
192	0.058778
193	0.058682
194	0.057784
195	0.059032
196	0.058913
197	0.058942
198	0.057715
199	0.058349
200	0.058545
201	0.057853
202	0.057658
203	0.058033
204	0.058689
205	0.058508
206	0.058060
207	0.058542
208	0.057667
209	0.058253
210	0.057881
211	0.057984
212	0.058014
213	0.058242
214	0.057865
215	0.058011
216	0.057228
217	0.057586
218	0.057277
219	0.056975
220	0.057817
221	0.057080
222	0.056845
223	0.056677
224	0.057679
225	0.057063
226	0.057454
227	0.057667
228	0.056997
229	0.057887
230	0.057454
231	0.057367
232	0.056623
233	0.057541
234	0.058008
235	0.056697
236	0.057185
237	0.057014
238	0.057266
239	0.057217
240	0.056721
241	0.057208
242	0.057360
243	0.057158
244	0.057060
245	0.057497
246	0.056867
247	0.057042
248	0.056875
249	0.057103
250	0.056235
251	0.058302
252	0.057359
253	0.056850
254	0.057469
255	0.056336
256	0.056025
257	0.056235
258	0.057087
259	0.056849
260	0.056079
261	0.056126
262	0.057020
263	0.056107
264	0.056982
265	0.056979
266	0.056282
267	0.055908
268	0.056223
269	0.056507
270	0.056184
271	0.056166
272	0.055920
273	0.056341
274	0.056303
275	0.056017
276	0.056406
277	0.055708
278	0.056184
279	0.055734
280	0.056276
281	0.055950
282	0.055201
283	0.054876
284	0.055777
285	0.056083
286	0.055850
287	0.055921
288	0.055776
289	0.055914
290	0.055080
291	0.055669
292	0.055141
293	0.055628
294	0.055076
295	0.054910
296	0.056069
297	0.055786
298	0.054929
299	0.054531
300	0.055036
301	0.055011
302	0.055257
303	0.055320
304	0.054164
305	0.054663
306	0.055881
307	0.055380
308	0.054897
309	0.054636
310	0.054792
311	0.055826
312	0.054793
313	0.054511
314	0.055368
315	0.054536
316	0.055975
317	0.054160
318	0.055429
319	0.054924
320	0.055857
321	0.054712
322	0.054589
323	0.054547
324	0.053904
325	0.054278
326	0.055650
327	0.055489
328	0.055074
329	0.054065
330	0.054171
331	0.054740
332	0.054099
333	0.053931
334	0.055374
335	0.053848
336	0.054253
337	0.055156
338	0.053899
339	0.054666
340	0.054320
341	0.054304
342	0.054155
343	0.053785
344	0.053367
345	0.054804
346	0.053810
347	0.053883
348	0.054260
349	0.054537
350	0.053621
351	0.053130
352	0.053759
353	0.054259
354	0.053475
355	0.053748
356	0.053945
357	0.053332
358	0.054546
359	0.053880
360	0.054380
361	0.053324
362	0.054375
363	0.053707
364	0.053991
365	0.053114
366	0.053987
367	0.054235
368	0.054523
369	0.053399
370	0.053576
371	0.054237
372	0.053008
373	0.054240
374	0.053511
375	0.054082
376	0.053897
377	0.053056
378	0.053279
379	0.052951
380	0.053059
381	0.053143
382	0.053639
383	0.053271
384	0.052805
385	0.052968
386	0.053095
387	0.052614
388	0.053550
389	0.053488
390	0.052490
391	0.052614
392	0.052621
393	0.053119
394	0.053587
395	0.052711
396	0.052652
397	0.053007
398	0.052540
399	0.052996
400	0.052654
401	0.053122
402	0.054191
403	0.053279
404	0.053170
405	0.053108
406	0.053418
407	0.052720
408	0.052791
409	0.052832
410	0.051941
411	0.052622
412	0.053323
413	0.052422
414	0.052066
415	0.053022
416	0.052036
417	0.052680
418	0.051773
419	0.053229
420	0.052432
421	0.052439
422	0.052683
423	0.051888
424	0.051957
425	0.052261
426	0.052073
427	0.053771
428	0.052553
429	0.052210
430	0.052097
431	0.052546
432	0.052832
433	0.052800
434	0.053716
435	0.052448
436	0.051804
437	0.052437
438	0.052511
439	0.052979
440	0.051575
441	0.052301
442	0.052131
443	0.051472
444	0.053073
445	0.052539
446	0.052365
447	0.051206
448	0.052570
449	0.052213
450	0.051702
451	0.051991
452	0.051772
453	0.052090
454	0.051697
455	0.051297
456	0.051775
457	0.052185
458	0.051724
459	0.051228
460	0.052182
461	0.051675
462	0.050691
463	0.052037
464	0.051195
465	0.052060
466	0.052302
467	0.051402
468	0.052807
469	0.050673
470	0.052279
471	0.051492
472	0.051145
473	0.051352
474	0.051205
475	0.051543
476	0.051181
477	0.051005
478	0.050760
479	0.051103
480	0.051343
481	0.051152
482	0.052015
483	0.051657
484	0.052032
485	0.050786
486	0.051161
487	0.051828
488	0.051534
489	0.051808
490	0.051563
491	0.051429
492	0.050833
493	0.051501
494	0.051549
495	0.051345
496	0.051590
497	0.051645
498	0.051050
499	0.050832
500	0.051625
501	0.050631
502	0.051840
503	0.051369
504	0.050093
505	0.050889
506	0.050531
507	0.050418
508	0.050231
509	0.050276
510	0.050876
511	0.050849
512	0.050536
513	0.050585
514	0.052170
515	0.050645
516	0.050638
517	0.050111
518	0.051248
519	0.050945
520	0.050919
521	0.050182
522	0.051499
523	0.050639
524	0.051013
525	0.050288
526	0.049786
527	0.050659
528	0.051037
529	0.050883
530	0.050727
531	0.051024
532	0.050631
533	0.050080
534	0.050116
535	0.050771
536	0.051011
537	0.051689
538	0.050952
539	0.050819
540	0.050388
541	0.050427
542	0.050177
543	0.049416
544	0.050263
545	0.050045
546	0.050748
547	0.050638
548	0.050398
549	0.049767
550	0.049987
551	0.049947
552	0.049981
553	0.050185
554	0.050565
555	0.050156
556	0.049825
557	0.050226
558	0.049613
559	0.050200
560	0.049700
561	0.050052
562	0.050068
563	0.050851
564	0.050039
565	0.049499
566	0.050139
567	0.049833
568	0.050527
569	0.050622
570	0.049958
571	0.050011
572	0.049936
573	0.050900
574	0.049644
575	0.050262
576	0.049034
577	0.050148
578	0.049763
579	0.049651
580	0.049996
581	0.050060
582	0.049915
583	0.049812
584	0.050366
585	0.050099
586	0.049034
587	0.049764
588	0.050141
589	0.049520
590	0.049499
591	0.049333
592	0.049783
593	0.049128
594	0.050356
595	0.048849
596	0.049292
597	0.048751
598	0.049488
599	0.050679
600	0.050343
601	0.049592
602	0.050278
603	0.049683
604	0.049949
605	0.050163
606	0.049110
607	0.049885
608	0.049673
609	0.049420
610	0.049762
611	0.049003
612	0.049663
613	0.049484
614	0.049720
615	0.049804
616	0.051005
617	0.050312
618	0.049795
619	0.049154
620	0.049568
621	0.049891
622	0.049214
623	0.050508
624	0.048642
625	0.050267
626	0.049323
627	0.050504
628	0.048867
629	0.049532
630	0.049702
631	0.048048
632	0.050281
633	0.049630
634	0.049582
635	0.049261
636	0.049681
637	0.049063
638	0.049096
639	0.049800
640	0.048901
641	0.050059
642	0.048996
643	0.049713
644	0.049321
645	0.049634
646	0.049463
647	0.049120
648	0.048575
649	0.050182
650	0.048919
651	0.048890
652	0.048750
653	0.048769
654	0.049407
655	0.049729
656	0.049454
657	0.049163
658	0.048949
659	0.049246
660	0.049206
661	0.049553
662	0.049064
663	0.049132
664	0.049395
665	0.048553
666	0.048798
667	0.048185
668	0.048165
669	0.049750
670	0.049532
671	0.048590
672	0.049051
673	0.048940
674	0.050904
675	0.049346
676	0.048720
677	0.048652
678	0.049319
679	0.050079
680	0.048245
681	0.049676
682	0.049012
683	0.048945
684	0.048567
685	0.048157
686	0.048860
687	0.050128
688	0.048977
689	0.050719
690	0.049266
691	0.048603
692	0.049632
693	0.048398
694	0.049000
695	0.048608
696	0.048783
697	0.048679
698	0.049866
699	0.049461
700	0.048725
701	0.048451
702	0.049339
703	0.048920
704	0.048404
705	0.049249
706	0.048063
707	0.048944
708	0.048227
709	0.048613
710	0.049016
711	0.049060
712	0.049131
713	0.048862
714	0.048668
715	0.048600
716	0.049159
717	0.048740
718	0.048577
719	0.048578
720	0.048831
721	0.048858
722	0.048615
723	0.047856
724	0.048606
725	0.048872
726	0.048364
727	0.048436
728	0.049007
729	0.047675
730	0.049089
731	0.048559
732	0.047867
733	0.047997
734	0.048328
735	0.048159
736	0.049721
737	0.048441
738	0.049063
739	0.048663
740	0.048083
741	0.048240
742	0.047926
743	0.048356
744	0.048819
745	0.048128
746	0.047754
747	0.048807
748	0.047954
749	0.048562
750	0.048337
751	0.047916
752	0.048353
753	0.048174
754	0.048209
755	0.047811
756	0.048087
757	0.048347
758	0.049547
759	0.047825
760	0.047785
761	0.048300
762	0.048028
763	0.047410
764	0.048374
765	0.048542
766	0.048567
767	0.048237
768	0.048055
769	0.047422
770	0.048232
771	0.048049
772	0.048412
773	0.048852
774	0.048333
775	0.047427
776	0.048513
777	0.048650
778	0.047404
779	0.048800
780	0.047743
781	0.048571
782	0.048587
783	0.048554
784	0.047722
785	0.047403
786	0.048522
787	0.048508
788	0.048808
789	0.048844
790	0.048400
791	0.048220
792	0.047211
793	0.047819
794	0.048852
795	0.047913
796	0.047732
797	0.048436
798	0.047266
799	0.047643
800	0.048477
801	0.048214
802	0.047243
803	0.048137
804	0.047361
805	0.047817
806	0.048754
807	0.048145
808	0.047678
809	0.047883
810	0.047925
811	0.046585
812	0.048266
813	0.047847
814	0.047796
815	0.048720
816	0.047742
817	0.048087
818	0.047969
819	0.048694
820	0.048665
821	0.048387
822	0.047628
823	0.047338
824	0.048937
825	0.047782
826	0.048879
827	0.047542
828	0.048507
829	0.048430
830	0.047240
831	0.047489
832	0.047917
833	0.049344
834	0.047624
835	0.048361
836	0.048392
837	0.047348
838	0.047387
839	0.047432
840	0.048216
841	0.047792
842	0.048591
843	0.048109
844	0.048417
845	0.047956
846	0.047446
847	0.047847
848	0.048120
849	0.048046
850	0.048142
851	0.047399
852	0.047835
853	0.047668
854	0.047790
855	0.047605
856	0.047492
857	0.047596
858	0.047654
859	0.047571
860	0.047654
861	0.047848
862	0.047893
863	0.047889
864	0.047109
865	0.047995
866	0.047801
867	0.048841
868	0.048506
869	0.047229
870	0.047781
871	0.047467
872	0.047806
873	0.047889
874	0.047230
875	0.048756
876	0.047257
877	0.047632
878	0.047316
879	0.048235
880	0.047597
881	0.047314
882	0.048235
883	0.048390
884	0.048370
885	0.047651
886	0.047560
887	0.048359
888	0.047409
889	0.048105
890	0.047152
891	0.047004
892	0.047567
893	0.047444
894	0.047236
895	0.047375
896	0.048065
897	0.048237
898	0.047006
899	0.046822
900	0.046812
901	0.048824
902	0.047637
903	0.047603
904	0.047858
905	0.047903
906	0.046896
907	0.047656
908	0.047708
909	0.046803
910	0.046977
911	0.047168
912	0.047442
913	0.047091
914	0.047888
915	0.047162
916	0.047713
917	0.047848
918	0.046737
919	0.047619
920	0.047919
921	0.046762
922	0.047092
923	0.046733
924	0.047676
925	0.047567
926	0.047242
927	0.046385
928	0.046898
929	0.048572
930	0.046960
931	0.046578
932	0.047196
933	0.048299
934	0.047804
935	0.046807
936	0.047794
937	0.048258
938	0.047787
939	0.047252
940	0.047152
941	0.047157
942	0.047255
943	0.046982
944	0.047512
945	0.047067
946	0.047035
947	0.047468
948	0.047260
949	0.046966
950	0.047470
951	0.047928
952	0.046109
953	0.047699
954	0.047324
955	0.047393
956	0.047064
957	0.048126
958	0.047098
959	0.047295
960	0.046874
961	0.048091
962	0.047146
963	0.047663
964	0.046865
965	0.047069
966	0.048043
967	0.046971
968	0.047457
969	0.047565
970	0.047618
971	0.047379
972	0.047462
973	0.047050
974	0.047258
975	0.047320
976	0.046937
977	0.047119
978	0.046745
979	0.046946
980	0.046867
981	0.048056
982	0.047283
983	0.047010
984	0.047429
985	0.047115
986	0.046260
987	0.046518
988	0.047466
989	0.047905
990	0.046820
991	0.047871
992	0.047669
993	0.047562
994	0.047317
995	0.047972
996	0.046987
997	0.047726
998	0.047435
999	0.047406
1000	0.047302
1001	0.047412
1002	0.046539
1003	0.047587
1004	0.047754
1005	0.047207
1006	0.047298
1007	0.047497
1008	0.046579
1009	0.046784
1010	0.046174
1011	0.047297
1012	0.047498
1013	0.047346
1014	0.047160
1015	0.046682
1016	0.047921
1017	0.047262
1018	0.046561
1019	0.046818
1020	0.046981
1021	0.046280
1022	0.047723
1023	0.046296
1024	0.046572
1025	0.046288
1026	0.046946
1027	0.046781
1028	0.046542
1029	0.046848
1030	0.046545
1031	0.047032
1032	0.046724
1033	0.046968
1034	0.047339
1035	0.046980
1036	0.046606
1037	0.047544
1038	0.047428
1039	0.046822
1040	0.046727
1041	0.046852
1042	0.047248
1043	0.046730
1044	0.046777
1045	0.046566
1046	0.046648
1047	0.047146
1048	0.047018
1049	0.047028
1050	0.046663
1051	0.047303
1052	0.046149
1053	0.047550
1054	0.046135
1055	0.046455
1056	0.046736
1057	0.047014
1058	0.046880
1059	0.046088
1060	0.047236
1061	0.047309
1062	0.046801
1063	0.047448
1064	0.046821
1065	0.046452
1066	0.046415
1067	0.046466
1068	0.047432
1069	0.046879
1070	0.046596
1071	0.047060
1072	0.047177
1073	0.047319
1074	0.046745
1075	0.046650
1076	0.046578
1077	0.047136
1078	0.047642
1079	0.046755
1080	0.046934
1081	0.047525
1082	0.046532
1083	0.046273
1084	0.047013
1085	0.047403
1086	0.046282
1087	0.046830
1088	0.046801
1089	0.046266
1090	0.047406
1091	0.046816
1092	0.046704
1093	0.046903
1094	0.046947
1095	0.047163
1096	0.046142
1097	0.047466
1098	0.047191
1099	0.046994
1100	0.046626
1101	0.046236
1102	0.047030
1103	0.046722
1104	0.046308
1105	0.046569
1106	0.047073
1107	0.046646
1108	0.046978
1109	0.046807
1110	0.047412
1111	0.046316
1112	0.046780
1113	0.046736
1114	0.047014
1115	0.046546
1116	0.046464
1117	0.046726
1118	0.046640
1119	0.045848
1120	0.046469
1121	0.047121
1122	0.046578
1123	0.047648
1124	0.047012
1125	0.047144
1126	0.046916
1127	0.046785
1128	0.047830
1129	0.047171
1130	0.047148
1131	0.047121
1132	0.046854
1133	0.046555
1134	0.047044
1135	0.047002
1136	0.047277
1137	0.046558
1138	0.046442
1139	0.047090
1140	0.046285
1141	0.045283
1142	0.047148
1143	0.047258
1144	0.046312
1145	0.047825
1146	0.046670
1147	0.046820
1148	0.047145
1149	0.046573
1150	0.046677
1151	0.046937
1152	0.046843
1153	0.047794
1154	0.046851
1155	0.046783
1156	0.046917
1157	0.046998
1158	0.046858
1159	0.047111
1160	0.046673
1161	0.046855
1162	0.046273
1163	0.046693
1164	0.046857
1165	0.046157
1166	0.046664
1167	0.046282
1168	0.045915
1169	0.046484
1170	0.046863
1171	0.047246
1172	0.046098
1173	0.046748
1174	0.047286
1175	0.047045
1176	0.046242
1177	0.046638
1178	0.046766
1179	0.047088
1180	0.046985
1181	0.046233
1182	0.046725
1183	0.046966
1184	0.046954
1185	0.047114
1186	0.046805
1187	0.046722
1188	0.046799
1189	0.046862
1190	0.046198
1191	0.046111
1192	0.046720
1193	0.045844
1194	0.047022
1195	0.047124
1196	0.046802
1197	0.046563
1198	0.047468
1199	0.045623
1200	0.046440
1201	0.046034
1202	0.046213
1203	0.047478
1204	0.045993
1205	0.047941
1206	0.047185
1207	0.046871
1208	0.046380
1209	0.046652
1210	0.047373
1211	0.046600
1212	0.046969
1213	0.046691
1214	0.046179
1215	0.046778
1216	0.046691
1217	0.046672
1218	0.046748
1219	0.046755
1220	0.046452
1221	0.047065
1222	0.047025
1223	0.046762
1224	0.046683
1225	0.046255
1226	0.046421
1227	0.046758
1228	0.046390
1229	0.046669
1230	0.046745
1231	0.046631
1232	0.047027
1233	0.046484
1234	0.047063
1235	0.046448
1236	0.046474
1237	0.046027
1238	0.046945
1239	0.046802
1240	0.046652
1241	0.046321
1242	0.046139
1243	0.047264
1244	0.046494
1245	0.046157
1246	0.046876
1247	0.047086
1248	0.046727
1249	0.046564
1250	0.046538
1251	0.047336
1252	0.046360
1253	0.047489
1254	0.046316
1255	0.046990
1256	0.046934
1257	0.046511
1258	0.046465
1259	0.046121
1260	0.046205
1261	0.046927
1262	0.046230
1263	0.047334
1264	0.046320
1265	0.046650
1266	0.046475
1267	0.046907
1268	0.047263
1269	0.046443
1270	0.046682
1271	0.047209
1272	0.046546
1273	0.046093
1274	0.046150
1275	0.046019
1276	0.046914
1277	0.046214
1278	0.046907
1279	0.047049
1280	0.046748
1281	0.046168
1282	0.046546
1283	0.046775
1284	0.046631
1285	0.046848
1286	0.047149
1287	0.046878
1288	0.046023
1289	0.045997
1290	0.045679
1291	0.046779
1292	0.046889
1293	0.047265
1294	0.046724
1295	0.046716
1296	0.046070
1297	0.046542
1298	0.046505
1299	0.047103
1300	0.047107
1301	0.046305
1302	0.046988
1303	0.046233
1304	0.046104
1305	0.046022
1306	0.046534
1307	0.047018
1308	0.045754
1309	0.046779
1310	0.046664
1311	0.046770
1312	0.045997
1313	0.046433
1314	0.046062
1315	0.046308
1316	0.046679
1317	0.046873
1318	0.046063
1319	0.045884
1320	0.046060
1321	0.046040
1322	0.045741
1323	0.045972
1324	0.046029
1325	0.046596
1326	0.046531
1327	0.046400
1328	0.046461
1329	0.046090
1330	0.047333
1331	0.046298
1332	0.047318
1333	0.046309
1334	0.045744
1335	0.046034
1336	0.046639
1337	0.046342
1338	0.047141
1339	0.045737
1340	0.046245
1341	0.046225
1342	0.046487
1343	0.046943
1344	0.047195
1345	0.046084
1346	0.046171
1347	0.046761
1348	0.046119
1349	0.046842
1350	0.046953
1351	0.045994
1352	0.046326
1353	0.046386
1354	0.046281
1355	0.046177
1356	0.046666
1357	0.046832
1358	0.046432
1359	0.047073
1360	0.046897
1361	0.046529
1362	0.047335
1363	0.046873
1364	0.046904
1365	0.046600
1366	0.045678
1367	0.045911
1368	0.046469
1369	0.046718
1370	0.045735
1371	0.046226
1372	0.046325
1373	0.046165
1374	0.045696
1375	0.045844
1376	0.046395
1377	0.045699
1378	0.046895
1379	0.047065
1380	0.047100
1381	0.046224
1382	0.045874
1383	0.046276
1384	0.046615
1385	0.046162
1386	0.046892
1387	0.046730
1388	0.046330
1389	0.046815
1390	0.045861
1391	0.047017
1392	0.046458
1393	0.046028
1394	0.046236
1395	0.047581
1396	0.045844
1397	0.045815
1398	0.046298
1399	0.046033
1400	0.046381
1401	0.046477
1402	0.046642
1403	0.047048
1404	0.046386
1405	0.046595
1406	0.046193
1407	0.045602
1408	0.046042
1409	0.045991
1410	0.046911
1411	0.046345
1412	0.045505
1413	0.046920
1414	0.046201
1415	0.046481
1416	0.046266
1417	0.045453
1418	0.045566
1419	0.046078
1420	0.046029
1421	0.046678
1422	0.045861
1423	0.047412
1424	0.046384
1425	0.046539
1426	0.045764
1427	0.046728
1428	0.046477
1429	0.045913
1430	0.046563
1431	0.046037
1432	0.045633
1433	0.046229
1434	0.046199
1435	0.045549
1436	0.045635
1437	0.046095
1438	0.046277
1439	0.047064
1440	0.046041
1441	0.045939
1442	0.046158
1443	0.046070
1444	0.046100
1445	0.046956
1446	0.046203
1447	0.045976
1448	0.045945
1449	0.046539
1450	0.046668
1451	0.047420
1452	0.046191
1453	0.046579
1454	0.046081
1455	0.046312
1456	0.046179
1457	0.047741
1458	0.046155
1459	0.046576
1460	0.045539
1461	0.046515
1462	0.046790
1463	0.046634
1464	0.045704
1465	0.046450
1466	0.045839
1467	0.046682
1468	0.047283
1469	0.046258
1470	0.046487
1471	0.046608
1472	0.045683
1473	0.046620
1474	0.045972
1475	0.046356
1476	0.046706
1477	0.046825
1478	0.046105
1479	0.045979
1480	0.045278
1481	0.046175
1482	0.047544
1483	0.045819
1484	0.045791
1485	0.045315
1486	0.046519
1487	0.045751
1488	0.046150
1489	0.046009
1490	0.045537
1491	0.045581
1492	0.046014
1493	0.046297
1494	0.045544
1495	0.046132
1496	0.046344
1497	0.046705
1498	0.045734
1499	0.047302
1500	0.046728
