Epochs	Loss	
1	0.146122
2	0.143513
3	0.140880
4	0.137293
5	0.134062
6	0.130045
7	0.126667
8	0.121734
9	0.117112
10	0.113065
11	0.110255
12	0.105934
13	0.102931
14	0.099614
15	0.097609
16	0.095411
17	0.093349
18	0.091867
19	0.089124
20	0.088373
21	0.086389
22	0.083921
23	0.083143
24	0.081018
25	0.079930
26	0.079344
27	0.077904
28	0.077679
29	0.076278
30	0.075072
31	0.074489
32	0.073921
33	0.072847
34	0.071656
35	0.072166
36	0.071190
37	0.071120
38	0.070733
39	0.069427
40	0.069829
41	0.068886
42	0.068513
43	0.068512
44	0.068654
45	0.067646
46	0.067366
47	0.066771
48	0.067429
49	0.066915
50	0.066383
51	0.066233
52	0.065402
53	0.065185
54	0.065230
55	0.064869
56	0.065063
57	0.064476
58	0.064349
59	0.063568
60	0.063828
61	0.063405
62	0.064084
63	0.063615
64	0.063114
65	0.063322
66	0.062750
67	0.062233
68	0.062802
69	0.062565
70	0.062094
71	0.062312
72	0.062198
73	0.061913
74	0.061950
75	0.061538
76	0.061499
77	0.061607
78	0.060863
79	0.061559
80	0.060927
81	0.060161
82	0.060574
83	0.060130
84	0.060244
85	0.060393
86	0.059706
87	0.059526
88	0.059724
89	0.059458
90	0.058674
91	0.059157
92	0.058733
93	0.059092
94	0.059802
95	0.058690
96	0.058909
97	0.058501
98	0.058559
99	0.058806
100	0.058087
101	0.059018
102	0.058555
103	0.057360
104	0.058185
105	0.057624
106	0.057686
107	0.058192
108	0.057314
109	0.057243
110	0.057191
111	0.057237
112	0.057245
113	0.056657
114	0.055896
115	0.057029
116	0.056569
117	0.056244
118	0.056101
119	0.056304
120	0.056363
121	0.055968
122	0.055942
123	0.056551
124	0.055622
125	0.055817
126	0.056048
127	0.055766
128	0.055680
129	0.056100
130	0.055685
131	0.055783
132	0.055360
133	0.055723
134	0.055089
135	0.055293
136	0.055182
137	0.054843
138	0.054937
139	0.054496
140	0.054806
141	0.054504
142	0.054705
143	0.054656
144	0.054267
145	0.053943
146	0.054244
147	0.054141
148	0.054092
149	0.054323
150	0.053692
151	0.054612
152	0.053901
153	0.053860
154	0.053592
155	0.053895
156	0.053384
157	0.053716
158	0.053801
159	0.053879
160	0.053336
161	0.053110
162	0.053463
163	0.053549
164	0.052636
165	0.053164
166	0.052799
167	0.052804
168	0.052610
169	0.053344
170	0.052892
171	0.052965
172	0.052726
173	0.053019
174	0.052475
175	0.052334
176	0.052479
177	0.051702
178	0.052595
179	0.052250
180	0.051933
181	0.052339
182	0.052438
183	0.051780
184	0.051997
185	0.052002
186	0.052148
187	0.051533
188	0.051949
189	0.052253
190	0.051628
191	0.051695
192	0.052050
193	0.051994
194	0.051625
195	0.051107
196	0.051622
197	0.051433
198	0.051739
199	0.051218
200	0.050389
201	0.051504
202	0.050819
203	0.051784
204	0.050952
205	0.051116
206	0.050871
207	0.051282
208	0.051357
209	0.050949
210	0.050855
211	0.051092
212	0.050711
213	0.050290
214	0.051205
215	0.050271
216	0.050516
217	0.050556
218	0.050557
219	0.051013
220	0.050625
221	0.050414
222	0.050338
223	0.050281
224	0.050062
225	0.050263
226	0.049900
227	0.051181
228	0.050350
229	0.049782
230	0.050500
231	0.050093
232	0.050655
233	0.050032
234	0.050281
235	0.050305
236	0.049684
237	0.050512
238	0.050255
239	0.049904
240	0.049940
241	0.049487
242	0.050041
243	0.050458
244	0.050233
245	0.049646
246	0.049891
247	0.049934
248	0.049994
249	0.049455
250	0.049519
251	0.049523
252	0.049463
253	0.049292
254	0.050075
255	0.049202
256	0.049574
257	0.049392
258	0.049280
259	0.049927
260	0.048755
261	0.048895
262	0.049573
263	0.049351
264	0.049314
265	0.048702
266	0.049430
267	0.049255
268	0.048966
269	0.049463
270	0.049530
271	0.049358
272	0.049477
273	0.048888
274	0.049141
275	0.049075
276	0.049167
277	0.048974
278	0.048388
279	0.049358
280	0.049139
281	0.048793
282	0.049514
283	0.049161
284	0.048562
285	0.048810
286	0.048594
287	0.048186
288	0.049032
289	0.048635
290	0.049229
291	0.048470
292	0.048853
293	0.048521
294	0.049015
295	0.048767
296	0.048284
297	0.048820
298	0.048398
299	0.048384
300	0.049117
301	0.048791
302	0.048413
303	0.048113
304	0.049081
305	0.048322
306	0.048417
307	0.048830
308	0.048285
309	0.048215
310	0.048220
311	0.048642
312	0.048218
313	0.048413
314	0.047731
315	0.047894
316	0.048736
317	0.048690
318	0.047921
319	0.048607
320	0.048779
321	0.048920
322	0.048247
323	0.048137
324	0.048186
325	0.047878
326	0.048363
327	0.047818
328	0.048537
329	0.048150
330	0.047619
331	0.048412
332	0.048825
333	0.048204
334	0.048416
335	0.048049
336	0.047599
337	0.048309
338	0.047324
339	0.048035
340	0.048534
341	0.047599
342	0.047503
343	0.048249
344	0.047934
345	0.047584
346	0.048247
347	0.047697
348	0.047791
349	0.047649
350	0.048334
351	0.047295
352	0.048150
353	0.047196
354	0.047730
355	0.048136
356	0.048326
357	0.047931
358	0.047219
359	0.048161
360	0.047702
361	0.047776
362	0.047523
363	0.047604
364	0.047734
365	0.047691
366	0.047445
367	0.047723
368	0.047949
369	0.047629
370	0.047308
371	0.046931
372	0.047835
373	0.047970
374	0.048125
375	0.047393
376	0.047854
377	0.046706
378	0.047880
379	0.046915
380	0.047660
381	0.047747
382	0.047427
383	0.047869
384	0.048028
385	0.047171
386	0.047979
387	0.047605
388	0.047237
389	0.047309
390	0.047094
391	0.047378
392	0.047700
393	0.047154
394	0.047190
395	0.046773
396	0.047263
397	0.047583
398	0.046964
399	0.046922
400	0.046882
401	0.047120
402	0.046957
403	0.047321
404	0.047698
405	0.047689
406	0.046960
407	0.047355
408	0.047325
409	0.047563
410	0.047482
411	0.047262
412	0.047890
413	0.047354
414	0.047829
415	0.047126
416	0.047521
417	0.047211
418	0.047163
419	0.047283
420	0.047528
421	0.046995
422	0.047313
423	0.046778
424	0.047207
425	0.047706
426	0.047328
427	0.046906
428	0.046845
429	0.047320
430	0.047059
431	0.046797
432	0.047421
433	0.046925
434	0.047147
435	0.046960
436	0.047220
437	0.047389
438	0.046740
439	0.047029
440	0.046889
441	0.047336
442	0.047095
443	0.047167
444	0.047273
445	0.046651
446	0.047096
447	0.047047
448	0.047370
449	0.047201
450	0.047233
451	0.047539
452	0.047551
453	0.046738
454	0.046882
455	0.046581
456	0.046691
457	0.046988
458	0.045866
459	0.046928
460	0.046981
461	0.046919
462	0.046858
463	0.046635
464	0.046454
465	0.046745
466	0.046851
467	0.046993
468	0.047269
469	0.047132
470	0.047099
471	0.046872
472	0.047099
473	0.046976
474	0.047224
475	0.046736
476	0.046824
477	0.047365
478	0.046970
479	0.046632
480	0.046862
481	0.047344
482	0.046908
483	0.046771
484	0.046597
485	0.047150
486	0.046989
487	0.046736
488	0.046432
489	0.046604
490	0.047016
491	0.046914
492	0.046908
493	0.047138
494	0.046742
495	0.046582
496	0.046514
497	0.046759
498	0.046256
499	0.046882
500	0.047881
501	0.046907
502	0.046807
503	0.046680
504	0.047041
505	0.046637
506	0.047106
507	0.046747
508	0.046828
509	0.047015
510	0.046433
511	0.046669
512	0.046500
513	0.046008
514	0.046784
515	0.046178
516	0.046575
517	0.046111
518	0.046830
519	0.047577
520	0.046754
521	0.047029
522	0.046272
523	0.046756
524	0.046771
525	0.046729
526	0.046672
527	0.046723
528	0.046962
529	0.046342
530	0.046839
531	0.046291
532	0.046338
533	0.046251
534	0.046181
535	0.046479
536	0.046676
537	0.046638
538	0.046368
539	0.046729
540	0.046055
541	0.045720
542	0.046864
543	0.046539
544	0.046282
545	0.046078
546	0.046668
547	0.046839
548	0.046604
549	0.046568
550	0.046176
551	0.046252
552	0.046851
553	0.047773
554	0.046785
555	0.046172
556	0.047057
557	0.046420
558	0.046466
559	0.046475
560	0.046322
561	0.047178
562	0.046500
563	0.046082
564	0.046204
565	0.046912
566	0.046302
567	0.046419
568	0.046308
569	0.046512
570	0.046696
571	0.045682
572	0.046358
573	0.046302
574	0.046166
575	0.045764
576	0.046711
577	0.046940
578	0.046397
579	0.046309
580	0.046285
581	0.046569
582	0.045807
583	0.046609
584	0.045962
585	0.046748
586	0.046363
587	0.046712
588	0.046341
589	0.046144
590	0.045655
591	0.046254
592	0.046707
593	0.046517
594	0.046220
595	0.046182
596	0.046532
597	0.046251
598	0.046470
599	0.046421
600	0.046240
601	0.045880
602	0.046104
603	0.046372
604	0.046983
605	0.046162
606	0.046627
607	0.046184
608	0.046310
609	0.046564
610	0.045994
611	0.046330
612	0.046240
613	0.046530
614	0.046216
615	0.045968
616	0.045624
617	0.045856
618	0.045974
619	0.046458
620	0.046081
621	0.046136
622	0.046061
623	0.045765
624	0.046379
625	0.046018
626	0.046293
627	0.046174
628	0.045984
629	0.045846
630	0.046225
631	0.046594
632	0.046191
633	0.045529
634	0.045316
635	0.045887
636	0.045598
637	0.046532
638	0.046726
639	0.046172
640	0.045915
641	0.045562
642	0.045987
643	0.045565
644	0.045516
645	0.046140
646	0.046087
647	0.046418
648	0.046402
649	0.045965
650	0.046526
651	0.046630
652	0.045813
653	0.045396
654	0.045964
655	0.046361
656	0.045379
657	0.045700
658	0.045750
659	0.045667
660	0.045302
661	0.046557
662	0.045897
663	0.045978
664	0.045637
665	0.045957
666	0.045768
667	0.045663
668	0.045861
669	0.045688
670	0.045846
671	0.046204
672	0.046319
673	0.045419
674	0.046187
675	0.046085
676	0.045282
677	0.045937
678	0.045803
679	0.046017
680	0.046095
681	0.046095
682	0.045865
683	0.045608
684	0.045412
685	0.045679
686	0.045361
687	0.045844
688	0.045343
689	0.045491
690	0.045558
691	0.045759
692	0.045468
693	0.045641
694	0.046203
695	0.046075
696	0.045449
697	0.045300
698	0.045885
699	0.045835
700	0.046087
701	0.046009
702	0.045440
703	0.046532
704	0.045434
705	0.046116
706	0.046015
707	0.045136
708	0.045757
709	0.045869
710	0.045373
711	0.045761
712	0.045871
713	0.045733
714	0.046008
715	0.045120
716	0.045618
717	0.045562
718	0.046313
719	0.045338
720	0.045766
721	0.044962
722	0.046055
723	0.045472
724	0.045358
725	0.045411
726	0.045830
727	0.044657
728	0.045438
729	0.045245
730	0.046043
731	0.046105
732	0.046057
733	0.045315
734	0.045676
735	0.045637
736	0.045414
737	0.045967
738	0.045508
739	0.045589
740	0.045855
741	0.045362
742	0.045138
743	0.045294
744	0.045616
745	0.045848
746	0.045899
747	0.045109
748	0.045711
749	0.045660
750	0.045738
751	0.045752
752	0.045575
753	0.046345
754	0.045949
755	0.045742
756	0.045109
757	0.045788
758	0.045366
759	0.044936
760	0.045624
761	0.045168
762	0.046202
763	0.045599
764	0.045644
765	0.045395
766	0.045627
767	0.045733
768	0.045570
769	0.045458
770	0.045231
771	0.045201
772	0.046148
773	0.044953
774	0.045803
775	0.045483
776	0.045546
777	0.045732
778	0.045111
779	0.045100
780	0.045127
781	0.045349
782	0.045768
783	0.044577
784	0.044914
785	0.046179
786	0.045042
787	0.045081
788	0.045786
789	0.045403
790	0.046176
791	0.045535
792	0.045629
793	0.045189
794	0.045100
795	0.045473
796	0.045543
797	0.045023
798	0.045312
799	0.045180
800	0.045993
801	0.045365
802	0.045299
803	0.045477
804	0.045269
805	0.045046
806	0.045584
807	0.045368
808	0.045316
809	0.045901
810	0.045223
811	0.045271
812	0.045488
813	0.045656
814	0.044916
815	0.045213
816	0.045902
817	0.045386
818	0.045608
819	0.045419
820	0.045232
821	0.045417
822	0.045098
823	0.045502
824	0.045463
825	0.045237
826	0.045627
827	0.045524
828	0.045301
829	0.045210
830	0.045452
831	0.045218
832	0.045809
833	0.045244
834	0.044959
835	0.045226
836	0.045237
837	0.045571
838	0.044880
839	0.045141
840	0.045651
841	0.045564
842	0.045530
843	0.045460
844	0.044979
845	0.045746
846	0.045313
847	0.045314
848	0.044969
849	0.045206
850	0.045603
851	0.045617
852	0.045253
853	0.045784
854	0.045020
855	0.044616
856	0.045203
857	0.044869
858	0.045149
859	0.045474
860	0.045442
861	0.044911
862	0.045908
863	0.045700
864	0.044944
865	0.045014
866	0.044866
867	0.045183
868	0.044964
869	0.044737
870	0.045169
871	0.044916
872	0.045691
873	0.045110
874	0.045037
875	0.045934
876	0.046145
877	0.045338
878	0.045294
879	0.045894
880	0.045076
881	0.045386
882	0.044865
883	0.045520
884	0.045242
885	0.045211
886	0.045170
887	0.045513
888	0.044871
889	0.046041
890	0.045192
891	0.045058
892	0.044996
893	0.045345
894	0.045991
895	0.045233
896	0.044927
897	0.045473
898	0.045527
899	0.044673
900	0.045822
901	0.045604
902	0.045380
903	0.045599
904	0.045526
905	0.044919
906	0.045585
907	0.044914
908	0.045738
909	0.045244
910	0.045032
911	0.045147
912	0.045083
913	0.044545
914	0.045276
915	0.045222
916	0.045141
917	0.045242
918	0.045290
919	0.045354
920	0.045405
921	0.045659
922	0.044938
923	0.044667
924	0.045248
925	0.045037
926	0.045266
927	0.045262
928	0.045142
929	0.045498
930	0.045858
931	0.045400
932	0.045369
933	0.044626
934	0.045206
935	0.045223
936	0.045698
937	0.044635
938	0.045396
939	0.045408
940	0.045024
941	0.045683
942	0.045249
943	0.044880
944	0.045195
945	0.045174
946	0.045052
947	0.045837
948	0.044784
949	0.045540
950	0.045009
951	0.045315
952	0.045102
953	0.044457
954	0.045158
955	0.045472
956	0.045175
957	0.045134
958	0.044942
959	0.045734
960	0.044844
961	0.044967
962	0.045275
963	0.045484
964	0.044928
965	0.045111
966	0.045252
967	0.045080
968	0.044891
969	0.045354
970	0.045129
971	0.045190
972	0.045440
973	0.044957
974	0.045392
975	0.044706
976	0.045579
977	0.045095
978	0.045259
979	0.044827
980	0.044793
981	0.045019
982	0.045062
983	0.045131
984	0.044920
985	0.045253
986	0.045111
987	0.044691
988	0.044846
989	0.045532
990	0.045227
991	0.044933
992	0.045213
993	0.044761
994	0.045183
995	0.045308
996	0.044694
997	0.045424
998	0.045011
999	0.045356
1000	0.045140
1001	0.044797
1002	0.045256
1003	0.045193
1004	0.044835
1005	0.044756
1006	0.044992
1007	0.045099
1008	0.044704
1009	0.044783
1010	0.045190
1011	0.045001
1012	0.045130
1013	0.044789
1014	0.045367
1015	0.044638
1016	0.044725
1017	0.045165
1018	0.045176
1019	0.045160
1020	0.045228
1021	0.045018
1022	0.045017
1023	0.044697
1024	0.044866
1025	0.045259
1026	0.045126
1027	0.045180
1028	0.045177
1029	0.044928
1030	0.044817
1031	0.044686
1032	0.045159
1033	0.045156
1034	0.045226
1035	0.045059
1036	0.045015
1037	0.044638
1038	0.045512
1039	0.045081
1040	0.045045
1041	0.044750
1042	0.044590
1043	0.044795
1044	0.044509
1045	0.044631
1046	0.044644
1047	0.044841
1048	0.044673
1049	0.044730
1050	0.044728
1051	0.045100
1052	0.044726
1053	0.045495
1054	0.045071
1055	0.045022
1056	0.045262
1057	0.045671
1058	0.045021
1059	0.045493
1060	0.044719
1061	0.044818
1062	0.044510
1063	0.044987
1064	0.044659
1065	0.045441
1066	0.045203
1067	0.045180
1068	0.044312
1069	0.045144
1070	0.044706
1071	0.045098
1072	0.044616
1073	0.045265
1074	0.044052
1075	0.045025
1076	0.045083
1077	0.045015
1078	0.045753
1079	0.044541
1080	0.045069
1081	0.045271
1082	0.045118
1083	0.045183
1084	0.044405
1085	0.044868
1086	0.045320
1087	0.044945
1088	0.045048
1089	0.045080
1090	0.045038
1091	0.044961
1092	0.045177
1093	0.045596
1094	0.044248
1095	0.044703
1096	0.045422
1097	0.045334
1098	0.044739
1099	0.045223
1100	0.044380
1101	0.044157
1102	0.045555
1103	0.044543
1104	0.045377
1105	0.044725
1106	0.045205
1107	0.045076
1108	0.044932
1109	0.044715
1110	0.044365
1111	0.045719
1112	0.044747
1113	0.044999
1114	0.044728
1115	0.045313
1116	0.045234
1117	0.045596
1118	0.044347
1119	0.044743
1120	0.044681
1121	0.044575
1122	0.044218
1123	0.045573
1124	0.045350
1125	0.044664
1126	0.044968
1127	0.044760
1128	0.044910
1129	0.045340
1130	0.045239
1131	0.044673
1132	0.044671
1133	0.044952
1134	0.044750
1135	0.045176
1136	0.044411
1137	0.044937
1138	0.044407
1139	0.044851
1140	0.044634
1141	0.044435
1142	0.044710
1143	0.044357
1144	0.045314
1145	0.044982
1146	0.044441
1147	0.044516
1148	0.044943
1149	0.044705
1150	0.044716
1151	0.045876
1152	0.044823
1153	0.044718
1154	0.044988
1155	0.044503
1156	0.045234
1157	0.045179
1158	0.044059
1159	0.044466
1160	0.044916
1161	0.044835
1162	0.045090
1163	0.044580
1164	0.044631
1165	0.044945
1166	0.044569
1167	0.045880
1168	0.044823
1169	0.044673
1170	0.044500
1171	0.044327
1172	0.044631
1173	0.044335
1174	0.044794
1175	0.044675
1176	0.044386
1177	0.045026
1178	0.044882
1179	0.044779
1180	0.044614
1181	0.044720
1182	0.045360
1183	0.044111
1184	0.044442
1185	0.044649
1186	0.045029
1187	0.044740
1188	0.045375
1189	0.045323
1190	0.044292
1191	0.045016
1192	0.044273
1193	0.045445
1194	0.044337
1195	0.044955
1196	0.044745
1197	0.045032
1198	0.045599
1199	0.044700
1200	0.045542
1201	0.044671
1202	0.044831
1203	0.044793
1204	0.044582
1205	0.044505
1206	0.045138
1207	0.044803
1208	0.044903
1209	0.044816
1210	0.045207
1211	0.044770
1212	0.044841
1213	0.044762
1214	0.044765
1215	0.044594
1216	0.044655
1217	0.045295
1218	0.044986
1219	0.044870
1220	0.044925
1221	0.044768
1222	0.043953
1223	0.044029
1224	0.045185
1225	0.044888
1226	0.044851
1227	0.044952
1228	0.044583
1229	0.044480
1230	0.044267
1231	0.044979
1232	0.044992
1233	0.044202
1234	0.044918
1235	0.045067
1236	0.044178
1237	0.044593
1238	0.044595
1239	0.044680
1240	0.044654
1241	0.044872
1242	0.045294
1243	0.044026
1244	0.045244
1245	0.044581
1246	0.044955
1247	0.045180
1248	0.045174
1249	0.044519
1250	0.045372
1251	0.044394
1252	0.044149
1253	0.044397
1254	0.044802
1255	0.045296
1256	0.044343
1257	0.044835
1258	0.044662
1259	0.044899
1260	0.044780
1261	0.044928
1262	0.044704
1263	0.044584
1264	0.044796
1265	0.044762
1266	0.044979
1267	0.044390
1268	0.045521
1269	0.044493
1270	0.044278
1271	0.045013
1272	0.045162
1273	0.045050
1274	0.044795
1275	0.045130
1276	0.044827
1277	0.044813
1278	0.044785
1279	0.044548
1280	0.044502
1281	0.044954
1282	0.044785
1283	0.044714
1284	0.044752
1285	0.044824
1286	0.044706
1287	0.044950
1288	0.045302
1289	0.043668
1290	0.044515
1291	0.044979
1292	0.044464
1293	0.044175
1294	0.044916
1295	0.044976
1296	0.044394
1297	0.045092
1298	0.044776
1299	0.043814
1300	0.044962
1301	0.045019
1302	0.044656
1303	0.045202
1304	0.045265
1305	0.044856
1306	0.044395
1307	0.044516
1308	0.044465
1309	0.044468
1310	0.044308
1311	0.045213
1312	0.044971
1313	0.044539
1314	0.045593
1315	0.044412
1316	0.044526
1317	0.044474
1318	0.044315
1319	0.044854
1320	0.044463
1321	0.044444
1322	0.044831
1323	0.044540
1324	0.044927
1325	0.044559
1326	0.044556
1327	0.044827
1328	0.044298
1329	0.044850
1330	0.044668
1331	0.044013
1332	0.044970
1333	0.044664
1334	0.044821
1335	0.044402
1336	0.044400
1337	0.045163
1338	0.044624
1339	0.044917
1340	0.044731
1341	0.044506
1342	0.044735
1343	0.044583
1344	0.044644
1345	0.044844
1346	0.044610
1347	0.045181
1348	0.044803
1349	0.044497
1350	0.045118
1351	0.044880
1352	0.044644
1353	0.044956
1354	0.044804
1355	0.045051
1356	0.044572
1357	0.044845
1358	0.044859
1359	0.045203
1360	0.045238
1361	0.044749
1362	0.044568
1363	0.044581
1364	0.044757
1365	0.044194
1366	0.045133
1367	0.044537
1368	0.044161
1369	0.044771
1370	0.044483
1371	0.044329
1372	0.044275
1373	0.044105
1374	0.044243
1375	0.044521
1376	0.044725
1377	0.044604
1378	0.044822
1379	0.044988
1380	0.044853
1381	0.044935
1382	0.044857
1383	0.044843
1384	0.044482
1385	0.044220
1386	0.044634
1387	0.044656
1388	0.043971
1389	0.044309
1390	0.044614
1391	0.044224
1392	0.044861
1393	0.043906
1394	0.045548
1395	0.044363
1396	0.044181
1397	0.044453
1398	0.044546
1399	0.044423
1400	0.044370
1401	0.044151
1402	0.044707
1403	0.044621
1404	0.044841
1405	0.044514
1406	0.044482
1407	0.045283
1408	0.044375
1409	0.044773
1410	0.044658
1411	0.044346
1412	0.044834
1413	0.044857
1414	0.044421
1415	0.044300
1416	0.044869
1417	0.044188
1418	0.044121
1419	0.043856
1420	0.044876
1421	0.044869
1422	0.044754
1423	0.044887
1424	0.044473
1425	0.044529
1426	0.044247
1427	0.044801
1428	0.044993
1429	0.044561
1430	0.044833
1431	0.044553
1432	0.044573
1433	0.044565
1434	0.044784
1435	0.043981
1436	0.044618
1437	0.045131
1438	0.044853
1439	0.044673
1440	0.044365
1441	0.044211
1442	0.044751
1443	0.043839
1444	0.044466
1445	0.044249
1446	0.044114
1447	0.043905
1448	0.044167
1449	0.044323
1450	0.044111
1451	0.044470
1452	0.044460
1453	0.044759
1454	0.044808
1455	0.044507
1456	0.044103
1457	0.044315
1458	0.045581
1459	0.044616
1460	0.045103
1461	0.044667
1462	0.044536
1463	0.045436
1464	0.044629
1465	0.044293
1466	0.044620
1467	0.044861
1468	0.044483
1469	0.044880
1470	0.044918
1471	0.044372
1472	0.044916
1473	0.044796
1474	0.044673
1475	0.045145
1476	0.044729
1477	0.044971
1478	0.044656
1479	0.044615
1480	0.045039
1481	0.044477
1482	0.044315
1483	0.044592
1484	0.043947
1485	0.044670
1486	0.044492
1487	0.044800
1488	0.044577
1489	0.044591
1490	0.044764
1491	0.044578
1492	0.044351
1493	0.044338
1494	0.044672
1495	0.044505
1496	0.044520
1497	0.044438
1498	0.044222
1499	0.044835
1500	0.044808
