Epochs	Loss	
1	0.075129
2	0.073386
3	0.072972
4	0.069343
5	0.069468
6	0.069662
7	0.069287
8	0.068293
9	0.068202
10	0.068013
11	0.067852
12	0.068921
13	0.069979
14	0.068398
15	0.068963
16	0.068300
17	0.067180
18	0.067832
19	0.068127
20	0.068436
21	0.067213
22	0.068134
23	0.066737
24	0.067636
25	0.068305
26	0.066678
27	0.068474
28	0.066008
29	0.068098
30	0.067603
31	0.067206
32	0.066220
33	0.068090
34	0.066038
35	0.065778
36	0.065666
37	0.066049
38	0.065720
39	0.065679
40	0.066416
41	0.066282
42	0.065233
43	0.065115
44	0.065067
45	0.065520
46	0.064645
47	0.064923
48	0.064877
49	0.065961
50	0.064745
51	0.063521
52	0.065294
53	0.063466
54	0.065294
55	0.062823
56	0.063643
57	0.063047
58	0.062043
59	0.063032
60	0.061703
61	0.062573
62	0.060977
63	0.060446
64	0.061108
65	0.062219
66	0.060833
67	0.061433
68	0.061852
69	0.060544
70	0.061161
71	0.060105
72	0.060596
73	0.059371
74	0.059914
75	0.058381
76	0.060882
77	0.059771
78	0.059221
79	0.057678
80	0.060731
81	0.058342
82	0.058149
83	0.058552
84	0.059604
85	0.058251
86	0.057265
87	0.057127
88	0.057659
89	0.056905
90	0.057526
91	0.057793
92	0.057745
93	0.057057
94	0.056290
95	0.057287
96	0.056900
97	0.058312
98	0.055762
99	0.056968
100	0.057128
101	0.057109
102	0.056037
103	0.056533
104	0.055482
105	0.056590
106	0.056043
107	0.055805
108	0.056553
109	0.057427
110	0.055424
111	0.055420
112	0.055696
113	0.056053
114	0.056097
115	0.056047
116	0.057037
117	0.054899
118	0.055612
119	0.054748
120	0.055570
121	0.054390
122	0.055188
123	0.054398
124	0.056093
125	0.056347
126	0.055257
127	0.055257
128	0.056327
129	0.055178
130	0.054427
131	0.054167
132	0.054392
133	0.053678
134	0.053922
135	0.055441
136	0.054621
137	0.054352
138	0.055433
139	0.054404
140	0.053841
141	0.055026
142	0.055437
143	0.056373
144	0.054995
145	0.054876
146	0.055459
147	0.053600
148	0.054840
149	0.054485
150	0.054094
151	0.054586
152	0.054062
153	0.055255
154	0.055726
155	0.054937
156	0.053505
157	0.054944
158	0.053104
159	0.053668
160	0.054544
161	0.054072
162	0.053725
163	0.052713
164	0.054884
165	0.054041
166	0.053445
167	0.053135
168	0.053884
169	0.054629
170	0.054145
171	0.053430
172	0.054635
173	0.054081
174	0.054377
175	0.055101
176	0.053516
177	0.054030
178	0.054181
179	0.053605
180	0.052956
181	0.054034
182	0.054252
183	0.053855
184	0.054547
185	0.054233
186	0.053363
187	0.053067
188	0.053419
189	0.053580
190	0.053275
191	0.051766
192	0.053802
193	0.053453
194	0.052550
195	0.052616
196	0.052282
197	0.053096
198	0.053407
199	0.054379
200	0.054305
201	0.052963
202	0.053224
203	0.052955
204	0.052642
205	0.053193
206	0.052008
207	0.051587
208	0.053354
209	0.053587
210	0.051920
211	0.053536
212	0.052669
213	0.053040
214	0.051323
215	0.052533
216	0.052340
217	0.052706
218	0.052285
219	0.052498
220	0.053666
221	0.052112
222	0.051934
223	0.052617
224	0.051342
225	0.053560
226	0.052584
227	0.052473
228	0.052773
229	0.052512
230	0.052268
231	0.052619
232	0.053458
233	0.052458
234	0.053522
235	0.052135
236	0.052018
237	0.052738
238	0.052449
239	0.052502
240	0.051779
241	0.052508
242	0.053022
243	0.051790
244	0.051272
245	0.052413
246	0.052666
247	0.051958
248	0.052704
249	0.051874
250	0.052265
251	0.053465
252	0.053383
253	0.052496
254	0.051061
255	0.051964
256	0.051699
257	0.052218
258	0.052341
259	0.051640
260	0.053137
261	0.052161
262	0.051233
263	0.051514
264	0.052104
265	0.051432
266	0.052191
267	0.052721
268	0.052354
269	0.052732
270	0.053629
271	0.052234
272	0.051432
273	0.052255
274	0.052212
275	0.052226
276	0.051636
277	0.052588
278	0.052703
279	0.050873
280	0.051761
281	0.051893
282	0.052222
283	0.051539
284	0.051139
285	0.051550
286	0.052135
287	0.052761
288	0.052282
289	0.051423
290	0.051204
291	0.052132
292	0.053481
293	0.051962
294	0.051398
295	0.050710
296	0.052388
297	0.052783
298	0.052301
299	0.052136
300	0.052797
301	0.050904
302	0.052255
303	0.051282
304	0.051087
305	0.051565
306	0.051841
307	0.052093
308	0.051449
309	0.051535
310	0.052509
311	0.051126
312	0.053171
313	0.052555
314	0.051097
315	0.051425
316	0.051493
317	0.051018
318	0.052157
319	0.051693
320	0.051788
321	0.050342
322	0.052255
323	0.051018
324	0.050931
325	0.051624
326	0.050007
327	0.052124
328	0.050499
329	0.050746
330	0.051627
331	0.050366
332	0.050909
333	0.050751
334	0.051367
335	0.051943
336	0.052862
337	0.051072
338	0.050008
339	0.051949
340	0.051448
341	0.052214
342	0.050906
343	0.051974
344	0.052777
345	0.050669
346	0.050143
347	0.050332
348	0.051451
349	0.051196
350	0.053005
351	0.052685
352	0.051927
353	0.051648
354	0.052476
355	0.050606
356	0.051285
357	0.049918
358	0.051143
359	0.051009
360	0.052112
361	0.052380
362	0.051750
363	0.052131
364	0.051505
365	0.051260
366	0.053030
367	0.052232
368	0.051092
369	0.051064
370	0.051489
371	0.051938
372	0.050026
373	0.050974
374	0.050453
375	0.050998
376	0.050821
377	0.050277
378	0.051050
379	0.050607
380	0.050908
381	0.051575
382	0.050363
383	0.050473
384	0.051171
385	0.050761
386	0.050958
387	0.052845
388	0.050171
389	0.050338
390	0.050353
391	0.051281
392	0.050601
393	0.050440
394	0.050562
395	0.049375
396	0.051648
397	0.051710
398	0.050429
399	0.050444
400	0.050218
401	0.049853
402	0.051313
403	0.051113
404	0.051411
405	0.050017
406	0.051245
407	0.051110
408	0.051047
409	0.051152
410	0.050148
411	0.049979
412	0.051763
413	0.050731
414	0.051229
415	0.049689
416	0.050099
417	0.049772
418	0.051623
419	0.050703
420	0.051347
421	0.049980
422	0.051384
423	0.051578
424	0.051294
425	0.050688
426	0.050161
427	0.050673
428	0.051398
429	0.050480
430	0.050572
431	0.050323
432	0.051036
433	0.050563
434	0.050660
435	0.051425
436	0.050476
437	0.050355
438	0.050415
439	0.052045
440	0.051829
441	0.051535
442	0.049254
443	0.051100
444	0.051527
445	0.050825
446	0.050228
447	0.050091
448	0.051401
449	0.050942
450	0.050871
451	0.050163
452	0.051039
453	0.049680
454	0.049095
455	0.051156
456	0.049805
457	0.051298
458	0.051126
459	0.050530
460	0.050952
461	0.051330
462	0.050148
463	0.050726
464	0.050919
465	0.050958
466	0.050067
467	0.051238
468	0.050087
469	0.050683
470	0.050658
471	0.050055
472	0.050838
473	0.050438
474	0.050912
475	0.050576
476	0.050178
477	0.051164
478	0.050313
479	0.050503
480	0.050317
481	0.049658
482	0.049640
483	0.051056
484	0.050974
485	0.049870
486	0.051078
487	0.050258
488	0.050976
489	0.051385
490	0.050397
491	0.049687
492	0.050369
493	0.049688
494	0.050527
495	0.049749
496	0.050586
497	0.049774
498	0.050057
499	0.051735
500	0.051199
501	0.050217
502	0.050961
503	0.049546
504	0.049446
505	0.050390
506	0.050493
507	0.050024
508	0.050558
509	0.051026
510	0.050592
511	0.049847
512	0.051530
513	0.051010
514	0.050669
515	0.050404
516	0.049746
517	0.050126
518	0.050050
519	0.050526
520	0.050364
521	0.050596
522	0.051162
523	0.049974
524	0.050196
525	0.051086
526	0.050045
527	0.049069
528	0.049832
529	0.049218
530	0.050106
531	0.050166
532	0.050005
533	0.050115
534	0.050816
535	0.049659
536	0.050574
537	0.050226
538	0.050302
539	0.050153
540	0.049125
541	0.049915
542	0.050631
543	0.051119
544	0.049898
545	0.049802
546	0.049743
547	0.049881
548	0.050884
549	0.049841
550	0.052092
551	0.049222
552	0.049570
553	0.050533
554	0.049706
555	0.051322
556	0.049645
557	0.050027
558	0.049646
559	0.050488
560	0.050396
561	0.050223
562	0.050080
563	0.051005
564	0.050316
565	0.052502
566	0.050201
567	0.050952
568	0.049518
569	0.051285
570	0.049627
571	0.049479
572	0.049864
573	0.050428
574	0.050989
575	0.050776
576	0.050754
577	0.050369
578	0.052142
579	0.049574
580	0.049698
581	0.050921
582	0.050812
583	0.050393
584	0.050303
585	0.049783
586	0.050781
587	0.049407
588	0.051408
589	0.050156
590	0.050365
591	0.050319
592	0.049754
593	0.049762
594	0.051044
595	0.049683
596	0.051312
597	0.049799
598	0.049021
599	0.050664
600	0.049337
601	0.051834
602	0.049825
603	0.049558
604	0.051095
605	0.048629
606	0.050669
607	0.050832
608	0.050714
609	0.050843
610	0.049953
611	0.048954
612	0.050776
613	0.049625
614	0.049671
615	0.049932
616	0.051371
617	0.049495
618	0.050309
619	0.050809
620	0.050004
621	0.049353
622	0.049282
623	0.049170
624	0.049013
625	0.049511
626	0.050657
627	0.049707
628	0.049981
629	0.049414
630	0.050705
631	0.050054
632	0.050176
633	0.051062
634	0.050818
635	0.050900
636	0.050671
637	0.049428
638	0.049815
639	0.050349
640	0.049878
641	0.049020
642	0.049158
643	0.049414
644	0.049842
645	0.049002
646	0.050260
647	0.049460
648	0.048893
649	0.048411
650	0.048439
651	0.049618
652	0.049312
653	0.049555
654	0.051500
655	0.050501
656	0.049531
657	0.050133
658	0.049767
659	0.049589
660	0.051360
661	0.050501
662	0.050509
663	0.049371
664	0.050016
665	0.049636
666	0.049239
667	0.049494
668	0.050572
669	0.049375
670	0.050746
671	0.050843
672	0.049530
673	0.049850
674	0.049866
675	0.050821
676	0.048946
677	0.049063
678	0.049528
679	0.049727
680	0.050801
681	0.048920
682	0.050576
683	0.050429
684	0.050941
685	0.049205
686	0.050839
687	0.049164
688	0.050511
689	0.049786
690	0.049501
691	0.049217
692	0.049456
693	0.049727
694	0.050060
695	0.049358
696	0.049439
697	0.048804
698	0.049305
699	0.049554
700	0.049537
701	0.048884
702	0.049894
703	0.050618
704	0.050183
705	0.048434
706	0.050015
707	0.050116
708	0.048890
709	0.048918
710	0.050956
711	0.049989
712	0.050299
713	0.051651
714	0.050311
715	0.049232
716	0.049715
717	0.050496
718	0.048499
719	0.048911
720	0.049619
721	0.050023
722	0.051235
723	0.050871
724	0.049526
725	0.050617
726	0.049815
727	0.049161
728	0.048474
729	0.049331
730	0.049171
731	0.048637
732	0.049042
733	0.050020
734	0.049370
735	0.049575
736	0.050360
737	0.049752
738	0.049503
739	0.050921
740	0.049847
741	0.049267
742	0.050362
743	0.050267
744	0.050114
745	0.049916
746	0.048858
747	0.049621
748	0.048968
749	0.049277
750	0.049762
751	0.048313
752	0.050279
753	0.048891
754	0.050055
755	0.049772
756	0.050536
757	0.050828
758	0.050289
759	0.049782
760	0.049566
761	0.049611
762	0.048717
763	0.049564
764	0.049844
765	0.049809
766	0.049791
767	0.049141
768	0.048281
769	0.048899
770	0.050969
771	0.050773
772	0.049583
773	0.049349
774	0.049649
775	0.049485
776	0.049894
777	0.049343
778	0.049331
779	0.049761
780	0.049411
781	0.050282
782	0.048723
783	0.049986
784	0.050054
785	0.049760
786	0.049654
787	0.049549
788	0.049480
789	0.049914
790	0.050502
791	0.049596
792	0.049508
793	0.050525
794	0.049604
795	0.049104
796	0.048892
797	0.049911
798	0.049155
799	0.050343
800	0.048675
801	0.049423
802	0.050405
803	0.049046
804	0.050693
805	0.049231
806	0.049441
807	0.049077
808	0.049006
809	0.049226
810	0.049474
811	0.048994
812	0.050589
813	0.050011
814	0.050237
815	0.049648
816	0.049149
817	0.049557
818	0.049490
819	0.049980
820	0.049056
821	0.049090
822	0.049270
823	0.049718
824	0.049489
825	0.049386
826	0.049896
827	0.049839
828	0.049767
829	0.050243
830	0.049511
831	0.049059
832	0.049352
833	0.049792
834	0.050274
835	0.049677
836	0.049323
837	0.049568
838	0.049527
839	0.048625
840	0.049923
841	0.049044
842	0.049216
843	0.049386
844	0.050740
845	0.049597
846	0.049440
847	0.048872
848	0.048988
849	0.048881
850	0.049898
851	0.049023
852	0.049382
853	0.050476
854	0.048069
855	0.049019
856	0.049505
857	0.049051
858	0.048847
859	0.048948
860	0.049813
861	0.049537
862	0.048247
863	0.048914
864	0.048951
865	0.048876
866	0.050771
867	0.049250
868	0.049320
869	0.048938
870	0.049840
871	0.050207
872	0.049380
873	0.049055
874	0.049226
875	0.049098
876	0.050113
877	0.049805
878	0.049173
879	0.050017
880	0.049959
881	0.049435
882	0.049643
883	0.049760
884	0.048270
885	0.048176
886	0.050455
887	0.048336
888	0.049647
889	0.048212
890	0.049744
891	0.049262
892	0.049474
893	0.049059
894	0.049947
895	0.050784
896	0.048609
897	0.049728
898	0.049643
899	0.049490
900	0.048269
901	0.049357
902	0.048587
903	0.050905
904	0.048989
905	0.048913
906	0.050519
907	0.050332
908	0.047704
909	0.049653
910	0.049679
911	0.049579
912	0.050934
913	0.048931
914	0.048719
915	0.049459
916	0.050079
917	0.049350
918	0.049819
919	0.048955
920	0.049529
921	0.048583
922	0.048426
923	0.048766
924	0.048213
925	0.048270
926	0.048841
927	0.048232
928	0.049093
929	0.049570
930	0.049141
931	0.048968
932	0.049732
933	0.048426
934	0.049560
935	0.048975
936	0.049179
937	0.049159
938	0.049782
939	0.049040
940	0.048940
941	0.048553
942	0.049366
943	0.048891
944	0.049534
945	0.048287
946	0.049971
947	0.050161
948	0.049842
949	0.048773
950	0.049288
951	0.048914
952	0.049548
953	0.048072
954	0.049050
955	0.049310
956	0.048130
957	0.049404
958	0.048868
959	0.049365
960	0.048950
961	0.048297
962	0.048717
963	0.049337
964	0.048696
965	0.049316
966	0.048831
967	0.048919
968	0.048771
969	0.049999
970	0.050253
971	0.050286
972	0.048738
973	0.048765
974	0.048101
975	0.048905
976	0.048313
977	0.049890
978	0.049698
979	0.048598
980	0.049440
981	0.048255
982	0.048012
983	0.048763
984	0.049215
985	0.049010
986	0.048669
987	0.049055
988	0.049686
989	0.048687
990	0.048037
991	0.048722
992	0.049562
993	0.048987
994	0.048819
995	0.048209
996	0.048570
997	0.048282
998	0.048499
999	0.049053
1000	0.048938
1001	0.048532
1002	0.048882
1003	0.049860
1004	0.048948
1005	0.048296
1006	0.048984
1007	0.049156
1008	0.048347
1009	0.048842
1010	0.048123
1011	0.048232
1012	0.049265
1013	0.049968
1014	0.049653
1015	0.048956
1016	0.047993
1017	0.048868
1018	0.048571
1019	0.050304
1020	0.048528
1021	0.048985
1022	0.049059
1023	0.050234
1024	0.048464
1025	0.048780
1026	0.049254
1027	0.049464
1028	0.048046
1029	0.048724
1030	0.049235
1031	0.050426
1032	0.048634
1033	0.049405
1034	0.049403
1035	0.048442
1036	0.048509
1037	0.048196
1038	0.048786
1039	0.048680
1040	0.049347
1041	0.048473
1042	0.049765
1043	0.049672
1044	0.050460
1045	0.049205
1046	0.050479
1047	0.049837
1048	0.049547
1049	0.049469
1050	0.048672
1051	0.048546
1052	0.049800
1053	0.048461
1054	0.049624
1055	0.047836
1056	0.048113
1057	0.048847
1058	0.049780
1059	0.048171
1060	0.049996
1061	0.048590
1062	0.048876
1063	0.048610
1064	0.048712
1065	0.049166
1066	0.049174
1067	0.049415
1068	0.049402
1069	0.048434
1070	0.048954
1071	0.049150
1072	0.047730
1073	0.049237
1074	0.048761
1075	0.048676
1076	0.048333
1077	0.050025
1078	0.048027
1079	0.049245
1080	0.050875
1081	0.048914
1082	0.048972
1083	0.049064
1084	0.048751
1085	0.048854
1086	0.048484
1087	0.048103
1088	0.049173
1089	0.048798
1090	0.049665
1091	0.049000
1092	0.050220
1093	0.047846
1094	0.048047
1095	0.049201
1096	0.048425
1097	0.049507
1098	0.049267
1099	0.049151
1100	0.046966
1101	0.049014
1102	0.049154
1103	0.048382
1104	0.049769
1105	0.049250
1106	0.049992
1107	0.049193
1108	0.049341
1109	0.049229
1110	0.049152
1111	0.048145
1112	0.049159
1113	0.049465
1114	0.048653
1115	0.048885
1116	0.049847
1117	0.049169
1118	0.048765
1119	0.048944
1120	0.048590
1121	0.050533
1122	0.048292
1123	0.049843
1124	0.049599
1125	0.049159
1126	0.050265
1127	0.047959
1128	0.047498
1129	0.049316
1130	0.047713
1131	0.048480
1132	0.050110
1133	0.048802
1134	0.048830
1135	0.050497
1136	0.050493
1137	0.048860
1138	0.047428
1139	0.049202
1140	0.048711
1141	0.049055
1142	0.049712
1143	0.048860
1144	0.047714
1145	0.049233
1146	0.048813
1147	0.048272
1148	0.049186
1149	0.048220
1150	0.048315
1151	0.048168
1152	0.048636
1153	0.049285
1154	0.049465
1155	0.049014
1156	0.049599
1157	0.049383
1158	0.049067
1159	0.048346
1160	0.048926
1161	0.050759
1162	0.050260
1163	0.048969
1164	0.048694
1165	0.048968
1166	0.050435
1167	0.048654
1168	0.048741
1169	0.048263
1170	0.049056
1171	0.048821
1172	0.048882
1173	0.050189
1174	0.048848
1175	0.050225
1176	0.048988
1177	0.049378
1178	0.048699
1179	0.047757
1180	0.048264
1181	0.049998
1182	0.048177
1183	0.049852
1184	0.048461
1185	0.049000
1186	0.049614
1187	0.049567
1188	0.048791
1189	0.048683
1190	0.048242
1191	0.048315
1192	0.048245
1193	0.048498
1194	0.049273
1195	0.048580
1196	0.047996
1197	0.048952
1198	0.048834
1199	0.048680
1200	0.048384
1201	0.049018
1202	0.048738
1203	0.047916
1204	0.049534
1205	0.047686
1206	0.048807
1207	0.048034
1208	0.048234
1209	0.048127
1210	0.049266
1211	0.050178
1212	0.048574
1213	0.049114
1214	0.048767
1215	0.048757
1216	0.048999
1217	0.049463
1218	0.048531
1219	0.048486
1220	0.049075
1221	0.048037
1222	0.049269
1223	0.049102
1224	0.049942
1225	0.048939
1226	0.050159
1227	0.049613
1228	0.050324
1229	0.049343
1230	0.048612
1231	0.048508
1232	0.049108
1233	0.050277
1234	0.048598
1235	0.049016
1236	0.048179
1237	0.049482
1238	0.049553
1239	0.048782
1240	0.048451
1241	0.048693
1242	0.049477
1243	0.048273
1244	0.049489
1245	0.049308
1246	0.048905
1247	0.049258
1248	0.048908
1249	0.048724
1250	0.049209
1251	0.048135
1252	0.049742
1253	0.048990
1254	0.047774
1255	0.048543
1256	0.048442
1257	0.048770
1258	0.048918
1259	0.049222
1260	0.048111
1261	0.047414
1262	0.048967
1263	0.049335
1264	0.047708
1265	0.048987
1266	0.047573
1267	0.048136
1268	0.048521
1269	0.048026
1270	0.050064
1271	0.047701
1272	0.048703
1273	0.049174
1274	0.048098
1275	0.049210
1276	0.048446
1277	0.048031
1278	0.048826
1279	0.048260
1280	0.049158
1281	0.048993
1282	0.047761
1283	0.049045
1284	0.049603
1285	0.048596
1286	0.048598
1287	0.049191
1288	0.049129
1289	0.047951
1290	0.048037
1291	0.048438
1292	0.047716
1293	0.048708
1294	0.050790
1295	0.048884
1296	0.049388
1297	0.048338
1298	0.048885
1299	0.049126
1300	0.048537
1301	0.049299
1302	0.047893
1303	0.048296
1304	0.049015
1305	0.049305
1306	0.049049
1307	0.048106
1308	0.047749
1309	0.048224
1310	0.048498
1311	0.048798
1312	0.049165
1313	0.049276
1314	0.049491
1315	0.047529
1316	0.049529
1317	0.048924
1318	0.049203
1319	0.047950
1320	0.048428
1321	0.048125
1322	0.047602
1323	0.048150
1324	0.049376
1325	0.048638
1326	0.051183
1327	0.048517
1328	0.048974
1329	0.048542
1330	0.048885
1331	0.048014
1332	0.049509
1333	0.050105
1334	0.048921
1335	0.048474
1336	0.048116
1337	0.048474
1338	0.048296
1339	0.048138
1340	0.048036
1341	0.048230
1342	0.049981
1343	0.048932
1344	0.047950
1345	0.049323
1346	0.049365
1347	0.048096
1348	0.049831
1349	0.048481
1350	0.048642
1351	0.047736
1352	0.049381
1353	0.048402
1354	0.048148
1355	0.048193
1356	0.048432
1357	0.048202
1358	0.049269
1359	0.047980
1360	0.048694
1361	0.048246
1362	0.048851
1363	0.048532
1364	0.049103
1365	0.049815
1366	0.048693
1367	0.049030
1368	0.048689
1369	0.048815
1370	0.048696
1371	0.048850
1372	0.048029
1373	0.048999
1374	0.048613
1375	0.048918
1376	0.048211
1377	0.048972
1378	0.048061
1379	0.047775
1380	0.048628
1381	0.048776
1382	0.048238
1383	0.049595
1384	0.048833
1385	0.048942
1386	0.048381
1387	0.048377
1388	0.049557
1389	0.047571
1390	0.049422
1391	0.047617
1392	0.047841
1393	0.050150
1394	0.048960
1395	0.048658
1396	0.050299
1397	0.049257
1398	0.049071
1399	0.049194
1400	0.049819
1401	0.048209
1402	0.049070
1403	0.049723
1404	0.048016
1405	0.049275
1406	0.047698
1407	0.049412
1408	0.049985
1409	0.048117
1410	0.048052
1411	0.049432
1412	0.049498
1413	0.048170
1414	0.048345
1415	0.048055
1416	0.048909
1417	0.049966
1418	0.048172
1419	0.049388
1420	0.049798
1421	0.048588
1422	0.047421
1423	0.047983
1424	0.048794
1425	0.049599
1426	0.048532
1427	0.048887
1428	0.048542
1429	0.048813
1430	0.048164
1431	0.047689
1432	0.048517
1433	0.048801
1434	0.049417
1435	0.049224
1436	0.049592
1437	0.048682
1438	0.048885
1439	0.048813
1440	0.048007
1441	0.048803
1442	0.049256
1443	0.048643
1444	0.048823
1445	0.048027
1446	0.049025
1447	0.049714
1448	0.049329
1449	0.049741
1450	0.048703
1451	0.047503
1452	0.047858
1453	0.048859
1454	0.048205
1455	0.048525
1456	0.049237
1457	0.047830
1458	0.049211
1459	0.047909
1460	0.048636
1461	0.049242
1462	0.049275
1463	0.047866
1464	0.048445
1465	0.048546
1466	0.048722
1467	0.048674
1468	0.048807
1469	0.049545
1470	0.047863
1471	0.047953
1472	0.048194
1473	0.047780
1474	0.048582
1475	0.048986
1476	0.048458
1477	0.048445
1478	0.048001
1479	0.048417
1480	0.048258
1481	0.047898
1482	0.047863
1483	0.048445
1484	0.049950
1485	0.048011
1486	0.049475
1487	0.048300
1488	0.048409
1489	0.047247
1490	0.049733
1491	0.049023
1492	0.049427
1493	0.048719
1494	0.048302
1495	0.048579
1496	0.048501
1497	0.048144
1498	0.048267
1499	0.049010
1500	0.049256
