Epochs	Loss	
1	0.165002
2	0.164122
3	0.162506
4	0.160340
5	0.158920
6	0.157575
7	0.155013
8	0.152932
9	0.149663
10	0.147025
11	0.143081
12	0.140183
13	0.137380
14	0.134241
15	0.131524
16	0.128145
17	0.125249
18	0.122097
19	0.118979
20	0.116134
21	0.113679
22	0.110818
23	0.108009
24	0.105411
25	0.103634
26	0.101223
27	0.099657
28	0.097632
29	0.096261
30	0.094425
31	0.092991
32	0.091673
33	0.090032
34	0.089312
35	0.088435
36	0.087084
37	0.086589
38	0.085670
39	0.085296
40	0.083992
41	0.083683
42	0.083069
43	0.082343
44	0.081939
45	0.081286
46	0.080439
47	0.080392
48	0.080316
49	0.079247
50	0.079133
51	0.078862
52	0.079311
53	0.078937
54	0.077906
55	0.077568
56	0.078297
57	0.076941
58	0.077727
59	0.076909
60	0.076880
61	0.076735
62	0.076392
63	0.075254
64	0.075609
65	0.075217
66	0.075248
67	0.075412
68	0.075299
69	0.075188
70	0.074091
71	0.073830
72	0.074865
73	0.073907
74	0.073986
75	0.073726
76	0.073750
77	0.073362
78	0.073133
79	0.072614
80	0.072738
81	0.072862
82	0.072914
83	0.072823
84	0.071932
85	0.072338
86	0.073199
87	0.071973
88	0.072550
89	0.071585
90	0.071945
91	0.072473
92	0.072113
93	0.071022
94	0.070944
95	0.071708
96	0.070996
97	0.070899
98	0.071117
99	0.071267
100	0.070508
101	0.070722
102	0.070183
103	0.070435
104	0.070018
105	0.070063
106	0.070237
107	0.070171
108	0.069588
109	0.070066
110	0.069503
111	0.069630
112	0.069704
113	0.069972
114	0.069928
115	0.069622
116	0.069282
117	0.068939
118	0.068995
119	0.068561
120	0.068723
121	0.069012
122	0.068915
123	0.068721
124	0.068610
125	0.068451
126	0.068158
127	0.068240
128	0.069067
129	0.068511
130	0.068204
131	0.068547
132	0.067812
133	0.067761
134	0.067421
135	0.068423
136	0.067823
137	0.067711
138	0.067991
139	0.068015
140	0.067536
141	0.066614
142	0.068106
143	0.067142
144	0.066396
145	0.066639
146	0.067390
147	0.067657
148	0.067064
149	0.067069
150	0.067040
151	0.067449
152	0.065827
153	0.067305
154	0.066173
155	0.066234
156	0.066248
157	0.066337
158	0.066251
159	0.065756
160	0.066276
161	0.066666
162	0.066086
163	0.066184
164	0.066268
165	0.066047
166	0.065073
167	0.065402
168	0.065242
169	0.065766
170	0.066248
171	0.065641
172	0.065751
173	0.064745
174	0.065023
175	0.065026
176	0.065601
177	0.064901
178	0.065001
179	0.065110
180	0.064873
181	0.064758
182	0.065126
183	0.065085
184	0.064939
185	0.065311
186	0.064698
187	0.064805
188	0.064927
189	0.064565
190	0.063959
191	0.064572
192	0.064088
193	0.064812
194	0.064251
195	0.064432
196	0.064191
197	0.064048
198	0.064760
199	0.064005
200	0.063116
201	0.064108
202	0.064459
203	0.064228
204	0.063691
205	0.063624
206	0.063751
207	0.063475
208	0.063564
209	0.063629
210	0.063525
211	0.063560
212	0.064125
213	0.063235
214	0.064169
215	0.062821
216	0.063960
217	0.062328
218	0.063526
219	0.063058
220	0.062637
221	0.063145
222	0.062419
223	0.062915
224	0.063350
225	0.062918
226	0.063246
227	0.062738
228	0.062523
229	0.063151
230	0.063295
231	0.062545
232	0.062773
233	0.062461
234	0.062575
235	0.061778
236	0.063254
237	0.061784
238	0.061991
239	0.061789
240	0.061998
241	0.062005
242	0.061868
243	0.061282
244	0.062612
245	0.061752
246	0.061691
247	0.061546
248	0.061557
249	0.061481
250	0.061381
251	0.061694
252	0.061340
253	0.061548
254	0.062157
255	0.061047
256	0.061419
257	0.061193
258	0.061525
259	0.060820
260	0.060989
261	0.061147
262	0.061222
263	0.061553
264	0.061325
265	0.060590
266	0.060916
267	0.060700
268	0.060995
269	0.061037
270	0.060892
271	0.060940
272	0.060678
273	0.060409
274	0.061278
275	0.060419
276	0.060295
277	0.061014
278	0.060358
279	0.060278
280	0.060453
281	0.060261
282	0.060415
283	0.060287
284	0.060195
285	0.059909
286	0.060343
287	0.060254
288	0.059282
289	0.060003
290	0.059836
291	0.059425
292	0.059638
293	0.059649
294	0.059816
295	0.059573
296	0.059729
297	0.059867
298	0.059161
299	0.059200
300	0.059682
301	0.059470
302	0.059547
303	0.058841
304	0.059834
305	0.059415
306	0.058659
307	0.059308
308	0.059263
309	0.059422
310	0.059359
311	0.058994
312	0.059579
313	0.058460
314	0.059774
315	0.058925
316	0.058678
317	0.058279
318	0.058693
319	0.058145
320	0.058388
321	0.058621
322	0.058414
323	0.058324
324	0.058434
325	0.058263
326	0.058521
327	0.059389
328	0.058740
329	0.058720
330	0.058131
331	0.058365
332	0.058372
333	0.058422
334	0.058596
335	0.058528
336	0.058177
337	0.057701
338	0.058897
339	0.057492
340	0.058138
341	0.058628
342	0.058687
343	0.057885
344	0.057905
345	0.058252
346	0.058132
347	0.057388
348	0.057600
349	0.057757
350	0.057403
351	0.057567
352	0.057954
353	0.058080
354	0.057836
355	0.057133
356	0.058043
357	0.057581
358	0.058388
359	0.057423
360	0.057295
361	0.056998
362	0.057175
363	0.058088
364	0.057313
365	0.056997
366	0.057098
367	0.057579
368	0.058201
369	0.057309
370	0.056950
371	0.056795
372	0.056801
373	0.057344
374	0.056804
375	0.056023
376	0.056894
377	0.057001
378	0.057606
379	0.057602
380	0.057314
381	0.057035
382	0.057470
383	0.057599
384	0.056994
385	0.056777
386	0.057073
387	0.057498
388	0.056648
389	0.056572
390	0.056612
391	0.057131
392	0.056258
393	0.056728
394	0.057042
395	0.056559
396	0.057490
397	0.056712
398	0.056288
399	0.056784
400	0.056813
401	0.056423
402	0.057132
403	0.056657
404	0.056307
405	0.056995
406	0.056302
407	0.056022
408	0.056239
409	0.057090
410	0.056474
411	0.056786
412	0.056177
413	0.055821
414	0.056870
415	0.056112
416	0.056596
417	0.056023
418	0.056326
419	0.056004
420	0.055825
421	0.056555
422	0.055992
423	0.056721
424	0.056719
425	0.056327
426	0.056581
427	0.055823
428	0.056190
429	0.056262
430	0.055727
431	0.055856
432	0.056261
433	0.055878
434	0.055534
435	0.055791
436	0.056219
437	0.056173
438	0.055932
439	0.056036
440	0.056367
441	0.056539
442	0.055705
443	0.056426
444	0.055904
445	0.055687
446	0.055666
447	0.055241
448	0.055755
449	0.055795
450	0.055521
451	0.055918
452	0.055144
453	0.055509
454	0.055772
455	0.056232
456	0.055574
457	0.055793
458	0.055714
459	0.055813
460	0.055401
461	0.054625
462	0.055497
463	0.055457
464	0.055962
465	0.055813
466	0.055692
467	0.055528
468	0.055874
469	0.055265
470	0.055581
471	0.055314
472	0.055160
473	0.055604
474	0.054943
475	0.055419
476	0.055305
477	0.055689
478	0.055923
479	0.055388
480	0.055590
481	0.055405
482	0.054553
483	0.055434
484	0.055726
485	0.054671
486	0.054956
487	0.055748
488	0.055917
489	0.055292
490	0.054769
491	0.055273
492	0.054986
493	0.055504
494	0.055398
495	0.055441
496	0.054742
497	0.054646
498	0.055430
499	0.055133
500	0.055122
501	0.054768
502	0.054515
503	0.054182
504	0.054484
505	0.054945
506	0.055199
507	0.054628
508	0.054342
509	0.055148
510	0.055232
511	0.055414
512	0.054905
513	0.054732
514	0.053948
515	0.054800
516	0.054217
517	0.055090
518	0.054963
519	0.054695
520	0.054330
521	0.055015
522	0.054989
523	0.055458
524	0.054908
525	0.054552
526	0.054909
527	0.054752
528	0.054064
529	0.054349
530	0.055131
531	0.054076
532	0.054693
533	0.054792
534	0.054348
535	0.054704
536	0.054826
537	0.054524
538	0.054750
539	0.054396
540	0.054355
541	0.054333
542	0.054681
543	0.053977
544	0.054346
545	0.054240
546	0.054736
547	0.054184
548	0.054540
549	0.054240
550	0.054556
551	0.054064
552	0.054652
553	0.054828
554	0.054272
555	0.054909
556	0.054319
557	0.054220
558	0.054211
559	0.054405
560	0.054396
561	0.054505
562	0.054208
563	0.054218
564	0.054314
565	0.054112
566	0.054596
567	0.054161
568	0.053814
569	0.054492
570	0.054028
571	0.054029
572	0.054201
573	0.054042
574	0.054473
575	0.054233
576	0.053879
577	0.054125
578	0.054100
579	0.053980
580	0.054361
581	0.054101
582	0.054513
583	0.054201
584	0.053615
585	0.054657
586	0.054970
587	0.053763
588	0.053675
589	0.054066
590	0.054352
591	0.053902
592	0.054251
593	0.053566
594	0.054169
595	0.054137
596	0.052998
597	0.053503
598	0.054462
599	0.054288
600	0.054307
601	0.054588
602	0.054115
603	0.054273
604	0.054538
605	0.053590
606	0.053597
607	0.054035
608	0.054000
609	0.053937
610	0.053323
611	0.053305
612	0.053926
613	0.053737
614	0.054111
615	0.054818
616	0.053745
617	0.053710
618	0.054434
619	0.054147
620	0.053334
621	0.054204
622	0.053311
623	0.054754
624	0.053850
625	0.053041
626	0.053439
627	0.053796
628	0.053139
629	0.054498
630	0.054031
631	0.053836
632	0.053504
633	0.053882
634	0.053778
635	0.054032
636	0.053654
637	0.054039
638	0.053740
639	0.053433
640	0.053304
641	0.053515
642	0.053369
643	0.053545
644	0.053716
645	0.053148
646	0.053422
647	0.053741
648	0.053848
649	0.053363
650	0.053784
651	0.053427
652	0.053132
653	0.053527
654	0.053215
655	0.053474
656	0.053087
657	0.053143
658	0.053217
659	0.053667
660	0.053641
661	0.053722
662	0.053200
663	0.053141
664	0.053580
665	0.053667
666	0.052882
667	0.053724
668	0.053683
669	0.053571
670	0.053226
671	0.053189
672	0.053397
673	0.053694
674	0.053535
675	0.054622
676	0.053927
677	0.053459
678	0.053966
679	0.052758
680	0.052821
681	0.052765
682	0.053730
683	0.053926
684	0.053065
685	0.052536
686	0.053187
687	0.052935
688	0.053058
689	0.053537
690	0.053235
691	0.053064
692	0.053584
693	0.053119
694	0.053350
695	0.053734
696	0.053120
697	0.052584
698	0.053648
699	0.053452
700	0.052897
701	0.053641
702	0.053215
703	0.053005
704	0.052771
705	0.053124
706	0.053557
707	0.053273
708	0.053754
709	0.053594
710	0.053648
711	0.052944
712	0.053762
713	0.053266
714	0.053746
715	0.052968
716	0.053802
717	0.053267
718	0.053055
719	0.052476
720	0.053954
721	0.053162
722	0.053519
723	0.053666
724	0.053447
725	0.052997
726	0.053182
727	0.053199
728	0.053552
729	0.053937
730	0.052768
731	0.052913
732	0.052793
733	0.053415
734	0.053411
735	0.053421
736	0.052878
737	0.053612
738	0.052856
739	0.053563
740	0.053315
741	0.052937
742	0.052955
743	0.052787
744	0.052853
745	0.052681
746	0.053445
747	0.053038
748	0.052577
749	0.052735
750	0.051852
751	0.053211
752	0.052893
753	0.052997
754	0.053269
755	0.052797
756	0.053062
757	0.052355
758	0.053029
759	0.053142
760	0.053306
761	0.053639
762	0.053339
763	0.053006
764	0.053280
765	0.053140
766	0.052787
767	0.052605
768	0.052903
769	0.052838
770	0.052926
771	0.052957
772	0.053482
773	0.052913
774	0.052592
775	0.052658
776	0.052992
777	0.052332
778	0.053029
779	0.052611
780	0.052820
781	0.052381
782	0.053125
783	0.052528
784	0.052717
785	0.052058
786	0.052032
787	0.052807
788	0.052667
789	0.052586
790	0.052819
791	0.052431
792	0.052806
793	0.053202
794	0.053072
795	0.051946
796	0.052738
797	0.053076
798	0.052960
799	0.052533
800	0.052204
801	0.053348
802	0.052856
803	0.052656
804	0.051820
805	0.051963
806	0.053162
807	0.052278
808	0.052988
809	0.052633
810	0.052662
811	0.051974
812	0.052589
813	0.052652
814	0.052872
815	0.052713
816	0.052690
817	0.052629
818	0.052926
819	0.052969
820	0.053253
821	0.052464
822	0.053059
823	0.052696
824	0.053042
825	0.052853
826	0.052732
827	0.052598
828	0.052342
829	0.052328
830	0.052302
831	0.052897
832	0.052413
833	0.051871
834	0.053064
835	0.053009
836	0.053093
837	0.053269
838	0.052780
839	0.052977
840	0.053001
841	0.052703
842	0.053430
843	0.052565
844	0.052996
845	0.052984
846	0.052744
847	0.052908
848	0.053506
849	0.052907
850	0.052558
851	0.052822
852	0.052399
853	0.052481
854	0.053574
855	0.052889
856	0.052313
857	0.052290
858	0.052377
859	0.052320
860	0.052260
861	0.052148
862	0.052772
863	0.052861
864	0.052188
865	0.051743
866	0.052176
867	0.052537
868	0.052628
869	0.051985
870	0.052378
871	0.053251
872	0.052144
873	0.052589
874	0.052904
875	0.052799
876	0.052998
877	0.051732
878	0.052069
879	0.052476
880	0.052303
881	0.052611
882	0.052376
883	0.052845
884	0.052913
885	0.052953
886	0.052205
887	0.052215
888	0.052411
889	0.052735
890	0.052457
891	0.052925
892	0.052405
893	0.052125
894	0.052525
895	0.051875
896	0.052771
897	0.052454
898	0.052207
899	0.052850
900	0.052490
901	0.052162
902	0.052471
903	0.052777
904	0.052266
905	0.052610
906	0.052885
907	0.052595
908	0.052308
909	0.051700
910	0.052523
911	0.052552
912	0.052360
913	0.052305
914	0.052818
915	0.052427
916	0.052212
917	0.052185
918	0.051720
919	0.052182
920	0.051844
921	0.052152
922	0.052475
923	0.052415
924	0.052600
925	0.052107
926	0.052361
927	0.051863
928	0.052462
929	0.052365
930	0.051958
931	0.052479
932	0.052469
933	0.052504
934	0.052305
935	0.052591
936	0.052162
937	0.052259
938	0.052507
939	0.052494
940	0.052527
941	0.052551
942	0.052109
943	0.052520
944	0.052275
945	0.052348
946	0.053091
947	0.052209
948	0.052328
949	0.052568
950	0.052217
951	0.052392
952	0.051908
953	0.052330
954	0.052538
955	0.052693
956	0.052414
957	0.051863
958	0.051825
959	0.052425
960	0.052707
961	0.052275
962	0.053018
963	0.052649
964	0.051518
965	0.053280
966	0.052276
967	0.052055
968	0.052229
969	0.051827
970	0.051750
971	0.052201
972	0.052072
973	0.052220
974	0.052525
975	0.052483
976	0.052300
977	0.052824
978	0.052529
979	0.052693
980	0.052336
981	0.052974
982	0.052493
983	0.051643
984	0.052097
985	0.052080
986	0.052234
987	0.052635
988	0.052361
989	0.052495
990	0.051935
991	0.052202
992	0.052571
993	0.052095
994	0.051620
995	0.052881
996	0.052371
997	0.052158
998	0.052997
999	0.052013
1000	0.052421
1001	0.052246
1002	0.051607
1003	0.052418
1004	0.052251
1005	0.051851
1006	0.052147
1007	0.051978
1008	0.051865
1009	0.052562
1010	0.052032
1011	0.051504
1012	0.051861
1013	0.052168
1014	0.051936
1015	0.051894
1016	0.051883
1017	0.052099
1018	0.052444
1019	0.052620
1020	0.052571
1021	0.052500
1022	0.051780
1023	0.051899
1024	0.052226
1025	0.052178
1026	0.052190
1027	0.052998
1028	0.053001
1029	0.051479
1030	0.052316
1031	0.051542
1032	0.051747
1033	0.051999
1034	0.052151
1035	0.051800
1036	0.052383
1037	0.051710
1038	0.052394
1039	0.052335
1040	0.052274
1041	0.052119
1042	0.051835
1043	0.052358
1044	0.052022
1045	0.052209
1046	0.051939
1047	0.051772
1048	0.052587
1049	0.051851
1050	0.052470
1051	0.051967
1052	0.052440
1053	0.051520
1054	0.052172
1055	0.051950
1056	0.051736
1057	0.051778
1058	0.052204
1059	0.052369
1060	0.052310
1061	0.052353
1062	0.051812
1063	0.051696
1064	0.052479
1065	0.052117
1066	0.052193
1067	0.051745
1068	0.052313
1069	0.052141
1070	0.051964
1071	0.052189
1072	0.052277
1073	0.052428
1074	0.052465
1075	0.051886
1076	0.051564
1077	0.051749
1078	0.051681
1079	0.051953
1080	0.051557
1081	0.052108
1082	0.051919
1083	0.052096
1084	0.051922
1085	0.052310
1086	0.052193
1087	0.052458
1088	0.052361
1089	0.052358
1090	0.052429
1091	0.051543
1092	0.051508
1093	0.052374
1094	0.052260
1095	0.051740
1096	0.052333
1097	0.052020
1098	0.052260
1099	0.052549
1100	0.051890
1101	0.051623
1102	0.051780
1103	0.051810
1104	0.051823
1105	0.052402
1106	0.052868
1107	0.051992
1108	0.051649
1109	0.051727
1110	0.051930
1111	0.051738
1112	0.051896
1113	0.051768
1114	0.051493
1115	0.052102
1116	0.051384
1117	0.052370
1118	0.052129
1119	0.051990
1120	0.052521
1121	0.051613
1122	0.052215
1123	0.052027
1124	0.051683
1125	0.052852
1126	0.051738
1127	0.051466
1128	0.052337
1129	0.052262
1130	0.051735
1131	0.051898
1132	0.051752
1133	0.050926
1134	0.051730
1135	0.051436
1136	0.051334
1137	0.051827
1138	0.052468
1139	0.051891
1140	0.052147
1141	0.052059
1142	0.052090
1143	0.052082
1144	0.051670
1145	0.052349
1146	0.052307
1147	0.052635
1148	0.051371
1149	0.052173
1150	0.051469
1151	0.051574
1152	0.051728
1153	0.052816
1154	0.051603
1155	0.051971
1156	0.051438
1157	0.051687
1158	0.051620
1159	0.051650
1160	0.051658
1161	0.052511
1162	0.051961
1163	0.051724
1164	0.052033
1165	0.052058
1166	0.051443
1167	0.051778
1168	0.051738
1169	0.051425
1170	0.051797
1171	0.052246
1172	0.051930
1173	0.051906
1174	0.051902
1175	0.051092
1176	0.051518
1177	0.051383
1178	0.051974
1179	0.051851
1180	0.051765
1181	0.051386
1182	0.051592
1183	0.051648
1184	0.051409
1185	0.051676
1186	0.052632
1187	0.051593
1188	0.051879
1189	0.052323
1190	0.051938
1191	0.051376
1192	0.052286
1193	0.052073
1194	0.051958
1195	0.051978
1196	0.052246
1197	0.051861
1198	0.051325
1199	0.051702
1200	0.052401
1201	0.051769
1202	0.051682
1203	0.051587
1204	0.051864
1205	0.051327
1206	0.051805
1207	0.051783
1208	0.051915
1209	0.051822
1210	0.052041
1211	0.051833
1212	0.051894
1213	0.051335
1214	0.051499
1215	0.051947
1216	0.052259
1217	0.051499
1218	0.051963
1219	0.051963
1220	0.051760
1221	0.051802
1222	0.052455
1223	0.051492
1224	0.051544
1225	0.051865
1226	0.051598
1227	0.051963
1228	0.052139
1229	0.051826
1230	0.051849
1231	0.051698
1232	0.051981
1233	0.051908
1234	0.051730
1235	0.051458
1236	0.051772
1237	0.051590
1238	0.051899
1239	0.051765
1240	0.052227
1241	0.051541
1242	0.051583
1243	0.051607
1244	0.050965
1245	0.051699
1246	0.051954
1247	0.051650
1248	0.051237
1249	0.051577
1250	0.051825
1251	0.051471
1252	0.052070
1253	0.051541
1254	0.051636
1255	0.051684
1256	0.051988
1257	0.051475
1258	0.051812
1259	0.051864
1260	0.051641
1261	0.051865
1262	0.051452
1263	0.051475
1264	0.052197
1265	0.051235
1266	0.051628
1267	0.051485
1268	0.051538
1269	0.052204
1270	0.051647
1271	0.052311
1272	0.051756
1273	0.052221
1274	0.052207
1275	0.051629
1276	0.052031
1277	0.051489
1278	0.051790
1279	0.051319
1280	0.051908
1281	0.051530
1282	0.051941
1283	0.050861
1284	0.051781
1285	0.051609
1286	0.051254
1287	0.051521
1288	0.051314
1289	0.051295
1290	0.051849
1291	0.051343
1292	0.051589
1293	0.052127
1294	0.051600
1295	0.051921
1296	0.051602
1297	0.052005
1298	0.051815
1299	0.051834
1300	0.051588
1301	0.051742
1302	0.051386
1303	0.051568
1304	0.051423
1305	0.051918
1306	0.052279
1307	0.051475
1308	0.051368
1309	0.052060
1310	0.052143
1311	0.052211
1312	0.051430
1313	0.051585
1314	0.051232
1315	0.052206
1316	0.051107
1317	0.051978
1318	0.051713
1319	0.051758
1320	0.051780
1321	0.051049
1322	0.052299
1323	0.051630
1324	0.051561
1325	0.051284
1326	0.051071
1327	0.051347
1328	0.051564
1329	0.051310
1330	0.052339
1331	0.052169
1332	0.051304
1333	0.051254
1334	0.051492
1335	0.051808
1336	0.051947
1337	0.052331
1338	0.051917
1339	0.052371
1340	0.051866
1341	0.051355
1342	0.052117
1343	0.051581
1344	0.051395
1345	0.051177
1346	0.052075
1347	0.051255
1348	0.051434
1349	0.051261
1350	0.052532
1351	0.051589
1352	0.051077
1353	0.051467
1354	0.052246
1355	0.052200
1356	0.051551
1357	0.052432
1358	0.051504
1359	0.052008
1360	0.051325
1361	0.051711
1362	0.051459
1363	0.052268
1364	0.051380
1365	0.051469
1366	0.051184
1367	0.051869
1368	0.050924
1369	0.051899
1370	0.051436
1371	0.051469
1372	0.051544
1373	0.051308
1374	0.051611
1375	0.051284
1376	0.051544
1377	0.051297
1378	0.052613
1379	0.052056
1380	0.051664
1381	0.051402
1382	0.051286
1383	0.051325
1384	0.051565
1385	0.051188
1386	0.051902
1387	0.052387
1388	0.052124
1389	0.051767
1390	0.052346
1391	0.051264
1392	0.051436
1393	0.051628
1394	0.051467
1395	0.052252
1396	0.051080
1397	0.052012
1398	0.051205
1399	0.051187
1400	0.051433
1401	0.051624
1402	0.051626
1403	0.051472
1404	0.051901
1405	0.051476
1406	0.052378
1407	0.050857
1408	0.051229
1409	0.051390
1410	0.051566
1411	0.050315
1412	0.051250
1413	0.051575
1414	0.051804
1415	0.051886
1416	0.052149
1417	0.051484
1418	0.051620
1419	0.051973
1420	0.051071
1421	0.051279
1422	0.051166
1423	0.052199
1424	0.051664
1425	0.051410
1426	0.050496
1427	0.051422
1428	0.051422
1429	0.051733
1430	0.051092
1431	0.051477
1432	0.051806
1433	0.051461
1434	0.052247
1435	0.051397
1436	0.051352
1437	0.051234
1438	0.051340
1439	0.051569
1440	0.051180
1441	0.051668
1442	0.051742
1443	0.051325
1444	0.051829
1445	0.051559
1446	0.051384
1447	0.051971
1448	0.051141
1449	0.051915
1450	0.051591
1451	0.050943
1452	0.051793
1453	0.051413
1454	0.052358
1455	0.051179
1456	0.051299
1457	0.051708
1458	0.051206
1459	0.051562
1460	0.051851
1461	0.052043
1462	0.051183
1463	0.051907
1464	0.051542
1465	0.051418
1466	0.052121
1467	0.051354
1468	0.052054
1469	0.051438
1470	0.051616
1471	0.052087
1472	0.051222
1473	0.051935
1474	0.051520
1475	0.051420
1476	0.051099
1477	0.051436
1478	0.052183
1479	0.050918
1480	0.051420
1481	0.051523
1482	0.051254
1483	0.051849
1484	0.051431
1485	0.052404
1486	0.051569
1487	0.051359
1488	0.051046
1489	0.051057
1490	0.051668
1491	0.051382
1492	0.051273
1493	0.051361
1494	0.051683
1495	0.051481
1496	0.051449
1497	0.051744
1498	0.051234
1499	0.051502
1500	0.051628
