Epochs	Loss	
1	0.205104
2	0.205150
3	0.205855
4	0.205028
5	0.201586
6	0.199472
7	0.200508
8	0.199130
9	0.196396
10	0.191458
11	0.191506
12	0.189263
13	0.186368
14	0.183480
15	0.179170
16	0.177464
17	0.174135
18	0.170954
19	0.169355
20	0.165650
21	0.161787
22	0.161047
23	0.153288
24	0.149831
25	0.149275
26	0.145300
27	0.141323
28	0.138592
29	0.134937
30	0.134234
31	0.128406
32	0.126138
33	0.121329
34	0.120136
35	0.117015
36	0.114980
37	0.111221
38	0.108913
39	0.107814
40	0.104703
41	0.103068
42	0.099385
43	0.098683
44	0.095788
45	0.095149
46	0.092039
47	0.092139
48	0.091467
49	0.090693
50	0.089709
51	0.088745
52	0.086958
53	0.086846
54	0.085133
55	0.085034
56	0.083863
57	0.083765
58	0.083247
59	0.082451
60	0.081770
61	0.081790
62	0.080961
63	0.081654
64	0.080060
65	0.080655
66	0.079121
67	0.079065
68	0.079499
69	0.078653
70	0.077693
71	0.077783
72	0.077092
73	0.077800
74	0.077501
75	0.076214
76	0.076764
77	0.076819
78	0.075906
79	0.075722
80	0.075681
81	0.075867
82	0.075295
83	0.074762
84	0.074662
85	0.074757
86	0.074562
87	0.073818
88	0.073024
89	0.073239
90	0.072704
91	0.073369
92	0.072776
93	0.073082
94	0.073090
95	0.072056
96	0.072937
97	0.072321
98	0.071947
99	0.072592
100	0.073639
101	0.070960
102	0.072330
103	0.071817
104	0.071514
105	0.072123
106	0.071793
107	0.071567
108	0.070171
109	0.071360
110	0.069959
111	0.070614
112	0.070598
113	0.070271
114	0.070307
115	0.069975
116	0.070455
117	0.070358
118	0.071049
119	0.070323
120	0.070344
121	0.070012
122	0.068785
123	0.070150
124	0.069315
125	0.069093
126	0.069731
127	0.069489
128	0.069496
129	0.068607
130	0.068740
131	0.068027
132	0.068880
133	0.069181
134	0.067913
135	0.067872
136	0.069062
137	0.068791
138	0.067840
139	0.068005
140	0.067831
141	0.068552
142	0.068051
143	0.067746
144	0.066591
145	0.067241
146	0.067721
147	0.067308
148	0.066230
149	0.066584
150	0.067286
151	0.067107
152	0.067871
153	0.066306
154	0.066016
155	0.067860
156	0.066430
157	0.066922
158	0.066819
159	0.066673
160	0.066674
161	0.066311
162	0.066683
163	0.066421
164	0.068039
165	0.066154
166	0.066940
167	0.066022
168	0.066353
169	0.065279
170	0.065860
171	0.065910
172	0.065264
173	0.065244
174	0.066491
175	0.065214
176	0.065421
177	0.065796
178	0.065234
179	0.064980
180	0.065218
181	0.064543
182	0.065064
183	0.064468
184	0.065010
185	0.065886
186	0.065041
187	0.064453
188	0.065039
189	0.064518
190	0.064980
191	0.064805
192	0.064695
193	0.064684
194	0.064490
195	0.064116
196	0.064939
197	0.064918
198	0.063726
199	0.064218
200	0.063297
201	0.064655
202	0.063546
203	0.063891
204	0.063650
205	0.064383
206	0.063407
207	0.064372
208	0.064056
209	0.064339
210	0.063654
211	0.064344
212	0.064612
213	0.064801
214	0.064731
215	0.063895
216	0.062723
217	0.063367
218	0.063767
219	0.063088
220	0.064011
221	0.064224
222	0.063962
223	0.063120
224	0.064792
225	0.063347
226	0.063093
227	0.062781
228	0.064142
229	0.063288
230	0.062897
231	0.062871
232	0.061963
233	0.063501
234	0.062990
235	0.062300
236	0.062253
237	0.063685
238	0.063234
239	0.063038
240	0.062892
241	0.064579
242	0.062833
243	0.061687
244	0.062739
245	0.062464
246	0.062111
247	0.062741
248	0.062345
249	0.062451
250	0.062423
251	0.062821
252	0.062505
253	0.062400
254	0.061890
255	0.061860
256	0.062477
257	0.062088
258	0.061674
259	0.063007
260	0.062094
261	0.062617
262	0.061601
263	0.061746
264	0.061984
265	0.061985
266	0.061249
267	0.061823
268	0.062260
269	0.061881
270	0.061644
271	0.061539
272	0.061204
273	0.062006
274	0.061869
275	0.062029
276	0.061823
277	0.062149
278	0.062583
279	0.061281
280	0.061696
281	0.060970
282	0.062050
283	0.061972
284	0.061975
285	0.060832
286	0.060605
287	0.061215
288	0.061299
289	0.061268
290	0.061192
291	0.061538
292	0.061631
293	0.060630
294	0.062061
295	0.061007
296	0.061721
297	0.061618
298	0.061346
299	0.060759
300	0.061193
301	0.060739
302	0.060751
303	0.060600
304	0.060902
305	0.061102
306	0.060292
307	0.060508
308	0.061055
309	0.061097
310	0.059828
311	0.060647
312	0.060228
313	0.060641
314	0.060581
315	0.060816
316	0.060363
317	0.060116
318	0.060236
319	0.060650
320	0.059733
321	0.059711
322	0.060165
323	0.059507
324	0.060315
325	0.061343
326	0.060553
327	0.060663
328	0.061121
329	0.059705
330	0.060647
331	0.059728
332	0.060480
333	0.059516
334	0.060160
335	0.059989
336	0.060126
337	0.059684
338	0.060402
339	0.059059
340	0.060767
341	0.060591
342	0.061354
343	0.059684
344	0.059789
345	0.059838
346	0.060739
347	0.060540
348	0.060158
349	0.059375
350	0.059281
351	0.058611
352	0.059694
353	0.059531
354	0.060239
355	0.060018
356	0.059378
357	0.060891
358	0.059700
359	0.058668
360	0.059151
361	0.059012
362	0.059068
363	0.059831
364	0.058924
365	0.059169
366	0.060220
367	0.058979
368	0.059944
369	0.058970
370	0.059771
371	0.059662
372	0.058662
373	0.058943
374	0.059937
375	0.059181
376	0.059799
377	0.059119
378	0.058821
379	0.060067
380	0.058798
381	0.059631
382	0.058824
383	0.058868
384	0.060422
385	0.059511
386	0.058877
387	0.059131
388	0.059150
389	0.058586
390	0.058952
391	0.058251
392	0.058740
393	0.058517
394	0.057928
395	0.059051
396	0.057733
397	0.059181
398	0.058667
399	0.058512
400	0.059332
401	0.058502
402	0.058529
403	0.058397
404	0.058997
405	0.058702
406	0.058435
407	0.058924
408	0.059409
409	0.058488
410	0.058989
411	0.059331
412	0.059068
413	0.059810
414	0.057825
415	0.058484
416	0.058457
417	0.058909
418	0.058073
419	0.058350
420	0.058005
421	0.057880
422	0.058464
423	0.058701
424	0.057671
425	0.059053
426	0.059034
427	0.057740
428	0.058465
429	0.058003
430	0.058099
431	0.057953
432	0.058989
433	0.058125
434	0.057653
435	0.058596
436	0.057328
437	0.057501
438	0.058164
439	0.058017
440	0.058637
441	0.057677
442	0.058116
443	0.058141
444	0.058106
445	0.058154
446	0.057645
447	0.057601
448	0.058265
449	0.056506
450	0.057920
451	0.057909
452	0.057610
453	0.056831
454	0.057544
455	0.057193
456	0.056746
457	0.057853
458	0.057558
459	0.056834
460	0.057892
461	0.056938
462	0.057318
463	0.058414
464	0.057667
465	0.057153
466	0.057825
467	0.057331
468	0.057608
469	0.056840
470	0.056676
471	0.057835
472	0.057113
473	0.056686
474	0.056946
475	0.056323
476	0.057644
477	0.056494
478	0.057035
479	0.057209
480	0.057047
481	0.056933
482	0.056867
483	0.057453
484	0.057218
485	0.056938
486	0.058106
487	0.057140
488	0.057886
489	0.057332
490	0.056955
491	0.058357
492	0.056557
493	0.057218
494	0.056544
495	0.057954
496	0.057149
497	0.058083
498	0.056028
499	0.056115
500	0.057575
501	0.056433
502	0.057170
503	0.056975
504	0.057162
505	0.056727
506	0.056909
507	0.056504
508	0.057351
509	0.055622
510	0.057026
511	0.056631
512	0.056338
513	0.056080
514	0.056348
515	0.055851
516	0.056821
517	0.056155
518	0.056580
519	0.056821
520	0.057133
521	0.057277
522	0.056342
523	0.056504
524	0.057334
525	0.056695
526	0.057381
527	0.056869
528	0.056597
529	0.057218
530	0.056737
531	0.056099
532	0.056535
533	0.055890
534	0.056307
535	0.056734
536	0.056273
537	0.056368
538	0.056540
539	0.056746
540	0.056972
541	0.056328
542	0.056267
543	0.057389
544	0.056669
545	0.055920
546	0.055917
547	0.055668
548	0.056393
549	0.056254
550	0.055170
551	0.055915
552	0.056298
553	0.056313
554	0.056736
555	0.055471
556	0.055428
557	0.056393
558	0.055939
559	0.055913
560	0.055123
561	0.056220
562	0.056491
563	0.055890
564	0.056990
565	0.055615
566	0.055766
567	0.055839
568	0.056263
569	0.055311
570	0.056367
571	0.056790
572	0.056107
573	0.056112
574	0.055675
575	0.055843
576	0.055974
577	0.056590
578	0.056688
579	0.055832
580	0.056512
581	0.056468
582	0.055897
583	0.054937
584	0.055218
585	0.055175
586	0.055585
587	0.055721
588	0.055499
589	0.056518
590	0.056229
591	0.056090
592	0.056298
593	0.056387
594	0.055858
595	0.056484
596	0.055819
597	0.055786
598	0.056077
599	0.055236
600	0.056271
601	0.056000
602	0.055614
603	0.055672
604	0.055493
605	0.054633
606	0.055336
607	0.054990
608	0.056218
609	0.055636
610	0.055565
611	0.054818
612	0.055191
613	0.055350
614	0.055263
615	0.056405
616	0.055596
617	0.055039
618	0.055811
619	0.055118
620	0.054919
621	0.054989
622	0.055646
623	0.056048
624	0.056031
625	0.055021
626	0.055274
627	0.055880
628	0.055711
629	0.055827
630	0.055757
631	0.055441
632	0.054798
633	0.056232
634	0.054981
635	0.055366
636	0.055052
637	0.055237
638	0.054706
639	0.054809
640	0.055035
641	0.054513
642	0.054969
643	0.055161
644	0.055123
645	0.055417
646	0.054606
647	0.055392
648	0.055231
649	0.054642
650	0.054882
651	0.054800
652	0.055374
653	0.054632
654	0.054965
655	0.055543
656	0.055060
657	0.055154
658	0.055215
659	0.054350
660	0.055310
661	0.054702
662	0.055927
663	0.055466
664	0.054504
665	0.054777
666	0.054389
667	0.055237
668	0.054557
669	0.054709
670	0.054644
671	0.055035
672	0.055828
673	0.054705
674	0.056093
675	0.054324
676	0.054829
677	0.054988
678	0.054319
679	0.054406
680	0.054849
681	0.054572
682	0.054746
683	0.054798
684	0.055097
685	0.055132
686	0.054704
687	0.055563
688	0.054873
689	0.054146
690	0.054134
691	0.054276
692	0.054532
693	0.054355
694	0.054838
695	0.054011
696	0.054629
697	0.054397
698	0.054514
699	0.054817
700	0.054237
701	0.054581
702	0.054548
703	0.054475
704	0.054389
705	0.055696
706	0.054456
707	0.054557
708	0.054990
709	0.054556
710	0.053967
711	0.054757
712	0.053892
713	0.053204
714	0.053924
715	0.054544
716	0.054570
717	0.055336
718	0.053966
719	0.054509
720	0.054481
721	0.054097
722	0.054611
723	0.054592
724	0.054382
725	0.054472
726	0.053956
727	0.054945
728	0.054779
729	0.054595
730	0.054069
731	0.053970
732	0.054291
733	0.054398
734	0.054045
735	0.054871
736	0.054543
737	0.053836
738	0.054376
739	0.054609
740	0.054337
741	0.054954
742	0.054163
743	0.054255
744	0.054927
745	0.053906
746	0.054971
747	0.055304
748	0.054624
749	0.053915
750	0.053662
751	0.054433
752	0.054279
753	0.053563
754	0.054280
755	0.054759
756	0.053587
757	0.054350
758	0.053765
759	0.054346
760	0.053503
761	0.053058
762	0.054769
763	0.054335
764	0.054222
765	0.054079
766	0.053286
767	0.054366
768	0.053919
769	0.054219
770	0.054571
771	0.053985
772	0.053919
773	0.054174
774	0.054894
775	0.054046
776	0.053929
777	0.053595
778	0.054477
779	0.054536
780	0.054088
781	0.053320
782	0.053739
783	0.054332
784	0.053409
785	0.054287
786	0.053633
787	0.053277
788	0.053003
789	0.054126
790	0.053499
791	0.053220
792	0.053906
793	0.054032
794	0.054034
795	0.054051
796	0.054330
797	0.053287
798	0.053776
799	0.053052
800	0.053918
801	0.053123
802	0.053545
803	0.053943
804	0.053833
805	0.053645
806	0.053796
807	0.053604
808	0.053936
809	0.053333
810	0.053592
811	0.053446
812	0.053093
813	0.054689
814	0.053742
815	0.053439
816	0.053565
817	0.053690
818	0.054069
819	0.054550
820	0.053162
821	0.053370
822	0.053190
823	0.054007
824	0.054731
825	0.052847
826	0.054095
827	0.053009
828	0.053709
829	0.053244
830	0.053547
831	0.053175
832	0.053265
833	0.053843
834	0.053324
835	0.054460
836	0.053927
837	0.053780
838	0.053429
839	0.053904
840	0.053646
841	0.053384
842	0.053385
843	0.053226
844	0.053495
845	0.053886
846	0.052695
847	0.053810
848	0.053592
849	0.053481
850	0.053792
851	0.053531
852	0.053585
853	0.053118
854	0.053792
855	0.052984
856	0.053732
857	0.053089
858	0.052932
859	0.053232
860	0.053801
861	0.053776
862	0.052717
863	0.053271
864	0.053209
865	0.053346
866	0.053161
867	0.052703
868	0.053568
869	0.052687
870	0.052803
871	0.053805
872	0.053376
873	0.053418
874	0.053047
875	0.052753
876	0.053206
877	0.053026
878	0.053071
879	0.053189
880	0.052978
881	0.053117
882	0.053966
883	0.053819
884	0.054046
885	0.053388
886	0.053722
887	0.053118
888	0.052785
889	0.053820
890	0.053108
891	0.053445
892	0.052645
893	0.053681
894	0.052467
895	0.053143
896	0.052674
897	0.052565
898	0.053340
899	0.053113
900	0.053142
901	0.052898
902	0.052939
903	0.052542
904	0.052918
905	0.052841
906	0.052791
907	0.053188
908	0.052813
909	0.052539
910	0.053372
911	0.053371
912	0.052951
913	0.053549
914	0.052817
915	0.053041
916	0.052915
917	0.053897
918	0.053286
919	0.052563
920	0.053079
921	0.053531
922	0.052809
923	0.053130
924	0.052287
925	0.053272
926	0.053425
927	0.053733
928	0.052670
929	0.053379
930	0.053172
931	0.052191
932	0.052811
933	0.052438
934	0.053751
935	0.053313
936	0.052161
937	0.053072
938	0.052546
939	0.052224
940	0.052833
941	0.052732
942	0.053481
943	0.052778
944	0.053169
945	0.052462
946	0.052540
947	0.053867
948	0.052233
949	0.052967
950	0.052378
951	0.052993
952	0.052843
953	0.052914
954	0.051782
955	0.052635
956	0.053236
957	0.053099
958	0.053456
959	0.053036
960	0.053017
961	0.053356
962	0.052701
963	0.052056
964	0.052358
965	0.052654
966	0.052476
967	0.053459
968	0.051978
969	0.052109
970	0.053418
971	0.052543
972	0.052668
973	0.052211
974	0.052260
975	0.052153
976	0.052363
977	0.052970
978	0.052419
979	0.051458
980	0.052456
981	0.052821
982	0.052883
983	0.053010
984	0.053536
985	0.051837
986	0.052753
987	0.052187
988	0.052070
989	0.052070
990	0.053132
991	0.052191
992	0.052976
993	0.052471
994	0.052663
995	0.052971
996	0.052648
997	0.052178
998	0.052473
999	0.052220
1000	0.053204
1001	0.051553
1002	0.053481
1003	0.053034
1004	0.052384
1005	0.053398
1006	0.051901
1007	0.052968
1008	0.051983
1009	0.053348
1010	0.052773
1011	0.051691
1012	0.052383
1013	0.051817
1014	0.052863
1015	0.052117
1016	0.052285
1017	0.052892
1018	0.052660
1019	0.051862
1020	0.052071
1021	0.052343
1022	0.052098
1023	0.053236
1024	0.052513
1025	0.052372
1026	0.052714
1027	0.052036
1028	0.052510
1029	0.052146
1030	0.052152
1031	0.052352
1032	0.052356
1033	0.052747
1034	0.052098
1035	0.052809
1036	0.053402
1037	0.052945
1038	0.052239
1039	0.051823
1040	0.052693
1041	0.052075
1042	0.051881
1043	0.052382
1044	0.052602
1045	0.052079
1046	0.052676
1047	0.052607
1048	0.052405
1049	0.051515
1050	0.052855
1051	0.052138
1052	0.052384
1053	0.053392
1054	0.052451
1055	0.051958
1056	0.051424
1057	0.052094
1058	0.051441
1059	0.052381
1060	0.052118
1061	0.051418
1062	0.052293
1063	0.052016
1064	0.051343
1065	0.051839
1066	0.052578
1067	0.052892
1068	0.052356
1069	0.052525
1070	0.051921
1071	0.052651
1072	0.052817
1073	0.050768
1074	0.051855
1075	0.051899
1076	0.052351
1077	0.051868
1078	0.052444
1079	0.052061
1080	0.052346
1081	0.052091
1082	0.051859
1083	0.052554
1084	0.052611
1085	0.052240
1086	0.051695
1087	0.052112
1088	0.051763
1089	0.052247
1090	0.051425
1091	0.052367
1092	0.052088
1093	0.052397
1094	0.051922
1095	0.052391
1096	0.051686
1097	0.052318
1098	0.051366
1099	0.051791
1100	0.052287
1101	0.051727
1102	0.052396
1103	0.051677
1104	0.051942
1105	0.051241
1106	0.053495
1107	0.051478
1108	0.051381
1109	0.052107
1110	0.051950
1111	0.051243
1112	0.052716
1113	0.052155
1114	0.051525
1115	0.051501
1116	0.053914
1117	0.052717
1118	0.050544
1119	0.051990
1120	0.052334
1121	0.053039
1122	0.052583
1123	0.051429
1124	0.052062
1125	0.050998
1126	0.052300
1127	0.051269
1128	0.051342
1129	0.051977
1130	0.052183
1131	0.052062
1132	0.051054
1133	0.052809
1134	0.052438
1135	0.052005
1136	0.052348
1137	0.051541
1138	0.051787
1139	0.051668
1140	0.051547
1141	0.051114
1142	0.052130
1143	0.052310
1144	0.051346
1145	0.051832
1146	0.051277
1147	0.052386
1148	0.052043
1149	0.050912
1150	0.051613
1151	0.051292
1152	0.052972
1153	0.051030
1154	0.051793
1155	0.051608
1156	0.051790
1157	0.051894
1158	0.051891
1159	0.051598
1160	0.051333
1161	0.050894
1162	0.052218
1163	0.052045
1164	0.050922
1165	0.051079
1166	0.051849
1167	0.051801
1168	0.051959
1169	0.051307
1170	0.052398
1171	0.051203
1172	0.050401
1173	0.051813
1174	0.051314
1175	0.052358
1176	0.051708
1177	0.051227
1178	0.051428
1179	0.051648
1180	0.052072
1181	0.051404
1182	0.052798
1183	0.052040
1184	0.052194
1185	0.051794
1186	0.051373
1187	0.051758
1188	0.051234
1189	0.051948
1190	0.051426
1191	0.050798
1192	0.051956
1193	0.051750
1194	0.051199
1195	0.052138
1196	0.051998
1197	0.051716
1198	0.051104
1199	0.052545
1200	0.052325
1201	0.052133
1202	0.052405
1203	0.051764
1204	0.051769
1205	0.051356
1206	0.051898
1207	0.052224
1208	0.051086
1209	0.051619
1210	0.052155
1211	0.050501
1212	0.052452
1213	0.052287
1214	0.051270
1215	0.052097
1216	0.050986
1217	0.051253
1218	0.051176
1219	0.051530
1220	0.051686
1221	0.052971
1222	0.051403
1223	0.051373
1224	0.051351
1225	0.050821
1226	0.051075
1227	0.050783
1228	0.051478
1229	0.051170
1230	0.050718
1231	0.051667
1232	0.051385
1233	0.051551
1234	0.051699
1235	0.051315
1236	0.051695
1237	0.052648
1238	0.051365
1239	0.051517
1240	0.052131
1241	0.051167
1242	0.051073
1243	0.051795
1244	0.051647
1245	0.051590
1246	0.051634
1247	0.050681
1248	0.050624
1249	0.051495
1250	0.051995
1251	0.050742
1252	0.051361
1253	0.051505
1254	0.050497
1255	0.051450
1256	0.051302
1257	0.052054
1258	0.051976
1259	0.050906
1260	0.050808
1261	0.051494
1262	0.051595
1263	0.051648
1264	0.050566
1265	0.051092
1266	0.052207
1267	0.050932
1268	0.050677
1269	0.051574
1270	0.050826
1271	0.051367
1272	0.050635
1273	0.051116
1274	0.050801
1275	0.051355
1276	0.050152
1277	0.051474
1278	0.051125
1279	0.051409
1280	0.051288
1281	0.050524
1282	0.051432
1283	0.050924
1284	0.050850
1285	0.051218
1286	0.050597
1287	0.051698
1288	0.050506
1289	0.051475
1290	0.051626
1291	0.050993
1292	0.050791
1293	0.050767
1294	0.050963
1295	0.050970
1296	0.051250
1297	0.050964
1298	0.050705
1299	0.051224
1300	0.051104
1301	0.051469
1302	0.050908
1303	0.050604
1304	0.051914
1305	0.050671
1306	0.050314
1307	0.051492
1308	0.051386
1309	0.051656
1310	0.052487
1311	0.051415
1312	0.050916
1313	0.051150
1314	0.051100
1315	0.051707
1316	0.051083
1317	0.051067
1318	0.051099
1319	0.051608
1320	0.050977
1321	0.050774
1322	0.050965
1323	0.051578
1324	0.051275
1325	0.051491
1326	0.051235
1327	0.051746
1328	0.051056
1329	0.050649
1330	0.050442
1331	0.051188
1332	0.051631
1333	0.050979
1334	0.051148
1335	0.050769
1336	0.050729
1337	0.051031
1338	0.050910
1339	0.051137
1340	0.051408
1341	0.051574
1342	0.050903
1343	0.051221
1344	0.050487
1345	0.051373
1346	0.051412
1347	0.051576
1348	0.051276
1349	0.051591
1350	0.051153
1351	0.051055
1352	0.051685
1353	0.051196
1354	0.050977
1355	0.050692
1356	0.050016
1357	0.050991
1358	0.050568
1359	0.051109
1360	0.051373
1361	0.050152
1362	0.051727
1363	0.051458
1364	0.051506
1365	0.050713
1366	0.051153
1367	0.050333
1368	0.050840
1369	0.050933
1370	0.051149
1371	0.052310
1372	0.050863
1373	0.051403
1374	0.050374
1375	0.050962
1376	0.050783
1377	0.051460
1378	0.050413
1379	0.051138
1380	0.051333
1381	0.051461
1382	0.051091
1383	0.051119
1384	0.050809
1385	0.050980
1386	0.050467
1387	0.050372
1388	0.050316
1389	0.050212
1390	0.050061
1391	0.051472
1392	0.050826
1393	0.050925
1394	0.051464
1395	0.051151
1396	0.051224
1397	0.050492
1398	0.051176
1399	0.051332
1400	0.051250
1401	0.050698
1402	0.050606
1403	0.050556
1404	0.050442
1405	0.051475
1406	0.050604
1407	0.051182
1408	0.050934
1409	0.051592
1410	0.050568
1411	0.050725
1412	0.050442
1413	0.051134
1414	0.050874
1415	0.050764
1416	0.051147
1417	0.051318
1418	0.050999
1419	0.051343
1420	0.050607
1421	0.050486
1422	0.050253
1423	0.050426
1424	0.050291
1425	0.051009
1426	0.050269
1427	0.050944
1428	0.050317
1429	0.050292
1430	0.051137
1431	0.050536
1432	0.050225
1433	0.051077
1434	0.050556
1435	0.050234
1436	0.050678
1437	0.050977
1438	0.051104
1439	0.051473
1440	0.052064
1441	0.051033
1442	0.050391
1443	0.050438
1444	0.050932
1445	0.050646
1446	0.050305
1447	0.051123
1448	0.050807
1449	0.050117
1450	0.050449
1451	0.051563
1452	0.051137
1453	0.051205
1454	0.050657
1455	0.050967
1456	0.051242
1457	0.051635
1458	0.050940
1459	0.050279
1460	0.050745
1461	0.050648
1462	0.051882
1463	0.051445
1464	0.051827
1465	0.050775
1466	0.051256
1467	0.050824
1468	0.051485
1469	0.051371
1470	0.049902
1471	0.050554
1472	0.050582
1473	0.050283
1474	0.051051
1475	0.050641
1476	0.051103
1477	0.050439
1478	0.050509
1479	0.050434
1480	0.050225
1481	0.051283
1482	0.050684
1483	0.050805
1484	0.050576
1485	0.050100
1486	0.050878
1487	0.050451
1488	0.051615
1489	0.051262
1490	0.051252
1491	0.050560
1492	0.051036
1493	0.050639
1494	0.050672
1495	0.051270
1496	0.051354
1497	0.050034
1498	0.051245
1499	0.050774
1500	0.049857
